spp	Tribe	id	Pair_bonding	Sex_caregiver	sex	OT	VT	OTRa	OTRb	VTR1Aa	VTR1Ab	VTR2Aa	VTR2Ab	VTR2Ba	VTR2Bb	d15N	d13C
Altcom	Lamprologini	ISB1_JME3	0	0	M	8.26386352933519	7.10123404800896	3.58193929370708	1.12072285244543	3.03762487660761	1.45383940061475	2.28121692532095	1.62248670082836	3.20708727817941	2.8065094611791	-0.389610035730526	-0.12986059114369
Altcom	Lamprologini	ISD2_JNI6	0	0	F	7.66747917839356	6.31313989544406	3.96821243109618	1.82586416979586	2.5904422566941	1.55502343646643	2.73582238259558	2.07655225445611	3.1122972893991	1.69033842124878	-0.389610035730526	-0.12986059114369
Altcom	Lamprologini	ISC9_JNH5	0	0	F	6.04195981408785	4.84745529332597	2.86004505920843	2.25807745580606	1.84038870528971	2.1249037745889	2.64074885859781	1.08146780071261	3.16316378205445	1.19384427050463	-0.389610035730526	-0.12986059114369
Altcom	Lamprologini	ISB5_JMH6	0	0	M	6.23457719341249	4.77635196287895	3.81983676053216	1.39731449816474	2.94271473282408	0.787404964447793	2.08785112855302	1.55007567994308	2.32477028802571	1.8084027624351	-0.389610035730526	-0.12986059114369
Altcom	Lamprologini	MUF8_LTB1	0	0	F	8.92242979341528	7.06670704839874	3.81277133605121	1.56588958440319	2.20514849796357	0.431254631028911	2.45347701725117	1.25590010045194	2.57252155237284	0	-0.389610035730526	-0.12986059114369
Altcom	Lamprologini	MUF7_LSI8	0	0	M	8.44986094207904	6.69365421679357	3.33443627046747	1.93702530655301	3.12432863134215	1.693519072788	2.51889060747211	1.41644362181934	1.86579809016313	0.972927068308566	-0.389610035730526	-0.12986059114369
Auldew	Ectodini	MUG1_LTD3	0	0	M	6.96835345533763	6.43758014525461	3.1976660164934	2.16977078513023	1.99426906784901	1.02606489417288	3.47125900796111	2.25865941857849	2.74950637887103	2.79800736810241	-0.350771588963017	-0.886544621646732
Auldew	Ectodini	LOC1_NJE4	0	0	F	6.86400780909521	6.37359027270764	2.92141785901184	2.19367745270513	2.69751874595763	1.18299351604618	2.97538806611076	1.68464641158652	3.21265399937667	2.09918409402344	-0.350771588963017	-0.886544621646732
Auldew	Ectodini	LNA1_LWG6	0	0	F	5.00115864990782	4.12973306759347	3.22164078755553	2.41186468246011	3.23299606767872	0.822091183142761	3.3178705854366	1.92783654556871	3.41895144673438	1.86683796766525	-0.350771588963017	-0.886544621646732
Auldew	Ectodini	MUI9_LWF5	0	0	M	7.77628365560147	6.07017741649464	3.37822485911622	2.82363524432299	2.10213335848217	1.68895287216981	3.04240970530139	2.35459772043238	2.46284388196696	1.06717816484998	-0.350771588963017	-0.886544621646732
Auldew	Ectodini	MUI2_LVG6	0	0	M	8.20473301044249	7.05527375761018	3.1750745569537	3.16136273603973	2.09894399918292	1.99540202511608	3.65308754043581	2.95654849782525	2.89309364643553	1.92920660681673	-0.350771588963017	-0.886544621646732
Auldew	Ectodini	MUE4_LRE4	0	0	F	7.37811274617154	6.5252976341209	3.43958510841243	2.687223094401	2.83270655243604	1.19478994247515	3.82556076113728	2.37105808386438	2.97564742662198	2.71254559887723	-0.350771588963017	-0.886544621646732
Batfas	Bathybatini	LNI8_MZF5	0	0	F	7.19310838479026	7.89068926977386	2.51033079199765	2.60748845405228	1.95637750482931	1.41556993582404	3.8013697667505	1.75404172813588	3.3252776039473	0.864923506475298	0.695081865821326	-0.770243761522719
Batfas	Bathybatini	LNB1_MAH7	0	0	M	7.40155196807821	7.75573550414191	1.20730128786284	1.80348826873261	0.819325247233915	0.52866562853849	2.74152285941499	1.86598134977202	3.05900442607487	1.33668557231847	0.695081865821326	-0.770243761522719
Batfas	Bathybatini	OME6_QDI8	0	0	F	8.31000694975253	8.91268908104962	2.21009237698462	1.87254354056908	2.34641600776595	1.75062193923192	3.97599512399169	1.03351603584839	2.42072599717956	0	0.695081865821326	-0.770243761522719
Batfas	Bathybatini	ITH3_JRB6	0	0	F	7.79980290533957	8.5355253961713	2.56591321817214	2.36165411814872	1.89650630403342	1.21014444596511	3.59089658799998	2.22147096634702	3.53263613744614	1.49123741509089	0.695081865821326	-0.770243761522719
Batfas	Bathybatini	ITH5_JRD8	0	0	F	7.65984180651136	8.39166376821896	2.51933305847499	2.60063965839024	1.84467809954749	1.32208909067053	3.45819194229038	1.76172695130654	3.13966938253499	1.02456649086219	0.695081865821326	-0.770243761522719
Batfas	Bathybatini	OME5_QDH7	0	0	F	8.51143048178155	9.1713409527437	3.07303699027396	2.14613774004398	2.41444406891079	1.48069941647734	3.42339624279286	1.27920799091661	2.96029873748827	1.51197752275406	0.695081865821326	-0.770243761522719
Batgra	Bathybatini	LNB2_MAI8	NA	0	M	8.96752572029107	7.55094759455694	3.27571436100066	0.466045592185812	1.46250783478429	1.23586917820919	4.44496384352386	1.59687838731721	4.44974029731921	0	1.75229801569336	-0.491195176014366
Batgra	Bathybatini	ILG7_DWD3	NA	0	M	7.04800071693296	4.62705054627525	3.24543374912515	0	1.40690396375338	1.28342518646545	4.93547247741126	1.53840009532923	3.48347529329872	1.40487097714676	1.75229801569336	-0.491195176014366
Batgra	Bathybatini	LNB4_MBC2	NA	0	F	7.03120218584795	7.40896570276024	3.44921495416098	0.521712415208037	3.17382589984553	1.73228700240039	5.15361242350778	2.16032582509718	3.46982477762365	1.22303386581187	1.75229801569336	-0.491195176014366
Batgra	Bathybatini	IUI8_HQD6	NA	0	F	7.27906729189981	7.4051567837103	2.26365463136244	0.696036113733238	1.68736398084976	1.90866536493678	4.19990080253279	0.792176855534941	2.91087385493375	2.60035492329453	1.75229801569336	-0.491195176014366
Batgra	Bathybatini	LNB6_MBE4	NA	0	F	7.54571204563326	7.22943699325665	2.87763020383341	0.427775853773695	1.64115339614843	1.15491821342862	4.29504412235301	1.78400931966146	3.04609305056549	1.63893572033077	1.75229801569336	-0.491195176014366
Benhor	Benthochromini	ILG1_DWA9	0	0	M	5.77356782956817	4.60108377575717	3.35769021522002	2.6508412863988	1.88815562973429	2.50885252454745	4.16190057791739	1.73839690302267	0	1.88577347768621	0.221029839885122	-0.754165349079903
Benhor	Benthochromini	RLB1_QVG6	0	0	F	8.10910664446615	6.05839746089768	3.2985564142978	1.76661636208843	2.62358246093545	1.74337665916339	4.4060393145522	1.9123605305059	1.33112446789129	1.97947444762784	0.221029839885122	-0.754165349079903
Benhor	Benthochromini	LPE9_NDH7	0	0	M	7.12614896703092	5.96718198284025	2.57211719548307	2.09403401081731	2.9714170050779	1.0400753148571	3.91051202012508	1.75165181199951	1.80758573479962	2.21455475146246	0.221029839885122	-0.754165349079903
Benhor	Benthochromini	RLB2_QVH7	0	0	F	7.74564474719026	6.52822122907353	3.28067605942715	2.65095843695128	2.50495770209923	1.28908548551469	4.15919724905101	1.17524545610791	2.61504074274134	2.03931529748891	0.221029839885122	-0.754165349079903
Benhor	Benthochromini	LPE8_NDG6	0	0	M	3.21377590458192	2.60435627525378	3.33489072944925	2.75811211293514	3.29996699689951	1.24243361003089	4.46888694173446	2.52661172388438	1.38778602217488	2.51317766448191	0.221029839885122	-0.754165349079903
Benhor	Benthochromini	RLA9_QVF5	0	0	F	8.15508232584258	6.61052954690405	2.90662299895237	2.78095801130573	2.26172697232806	1.24686286735672	4.79660709789785	1.54350182246689	2.6325499789015	3.38786954580855	0.221029839885122	-0.754165349079903
Boumic	Boulengerochromini	MPG4_QKB1	1	1	F	10.4935202488338	8.45780562148332	2.65286068664326	1.27541773981656	2.26786774453063	1.53279619863184	2.53426608596567	1.17463651547187	1.31850137879261	0	0.85478025551468	-0.723683362955067
Boumic	Boulengerochromini	MOF1_NUC2	1	1	M	10.5561276089299	9.96101913690243	2.84113442187976	1.26768500367181	2.25741831812483	1.52417202432635	2.3272639773962	1.1672988312727	1.98583629141643	1.05515677454486	0.85478025551468	-0.723683362955067
Boumic	Boulengerochromini	MPD5_OCC2	1	1	F	8.44618094968658	7.31819389967727	2.54837595624436	0.691667797849558	2.39201621157223	1.0656708774529	2.57257515086763	1.89613503336137	2.08223046880994	0	0.85478025551468	-0.723683362955067
Boumic	Boulengerochromini	JAE6_GYD3	1	1	F	8.30741258623853	7.78348939488926	2.43395425659711	0.587573530514516	1.34667555414009	2.19326268970783	0.605811379014299	1.87559765085609	1.0407984683475	0	0.85478025551468	-0.723683362955067
Calmac	Ectodini	MOH7_NXB1	0	0	F	6.32311872853965	6.45148610451708	2.78080141368532	3.69720668091409	2.22492192622263	1.43392996106871	2.31509056682649	1.82485785332935	3.17904823081219	1.97571785310988	0.34083295381111	0.495051192634939
Calmac	Ectodini	MOH6_NWI8	0	0	F	7.69830669888516	7.0781604167723	3.09862487722608	3.44241806019009	3.29839291737176	1.29969363481844	3.08259053430151	1.49571869575549	2.6300433543198	1.17615934306088	0.34083295381111	0.495051192634939
Calmac	Ectodini	MUC5_LYE4	0	0	M	5.60600716274026	4.39780296186249	3.11274716550889	2.96989607901757	2.50146080134573	1.23236604855538	2.90756042766254	1.59280240552393	2.88541349197706	0	0.34083295381111	0.495051192634939
Calmac	Ectodini	LPI2_NHE4	0	0	M	5.70464486594122	4.20506715044905	2.26729218226378	3.7725909114036	1.77832676319152	1.46389810139741	2.35300253113063	1.03631412695538	3.08627815694009	1.145608334591	0.34083295381111	0.495051192634939
Calmac	Ectodini	MOH5_NWH7	0	0	F	4.58202784142648	4.86674332945806	3.02798382261695	2.88632011716077	2.56242023878473	1.17788590908021	2.62341788072297	0.394377493771041	2.45488995579527	0	0.34083295381111	0.495051192634939
Calmac	Ectodini	LPF1_NDI8	0	0	M	8.12012121264864	6.34623660272837	3.58042289910376	2.82341391509367	2.69779227561599	1.18317459818277	2.75548134282031	1.94410954894926	2.95760374513335	1.67367898002462	0.34083295381111	0.495051192634939
Calple	Ectodini	MVE8_OKE4	0	0	F	5.07508417938688	4.95965518007418	3.73400069673761	3.22542224631756	1.45855314341663	0.743906642018785	3.68072267474218	1.7451129602166	2.88531098503923	0	1.57393307236158	0.622330896478967
Calple	Ectodini	MVF1_OKG6	0	0	F	5.3372422470908	5.28655776160796	3.26162588857219	3.14493798639347	2.81168700759463	1.25952378789915	3.78936409796373	1.45200442541381	2.35764940083951	1.13847898036944	1.57393307236158	0.622330896478967
Calple	Ectodini	MVE9_OKF5	0	0	F	6.28121158296124	5.64725463588484	3.49713841450467	2.68308421754088	1.25527048784012	1.22544399542974	3.39741006825763	1.22220424041091	1.82145471091282	0.943100509906254	1.57393307236158	0.622330896478967
Calple	Ectodini	MVF3_OKI8	0	0	M	6.92649881781176	6.0913535034528	3.05038380433266	2.54862354640531	2.65951497575738	1.34441948609968	3.46864065875957	1.65376949261933	2.60911785180144	0	1.57393307236158	0.622330896478967
Calple	Ectodini	MVF2_OKH7	0	0	M	7.86326946350561	6.50157640166755	3.22992625503692	2.42914512025255	2.55968831960407	1.79899941507825	2.57685731697441	1.93468142550961	3.23050216015775	1.7834013342741	1.57393307236158	0.622330896478967
Chabri	Lamprologini	MUD9_LZI8	1	1	M	7.02046108635874	5.71906923629729	2.72310067067715	3.54352062926913	2.09507914122081	1.1781753819262	3.90846804127771	0.9586319428773	2.24395509371282	0	-0.101480017848561	1.74740861055749
Chabri	Lamprologini	MUE1_LRB1	1	1	F	8.23544992320646	7.72290791876368	3.82596671604077	1.67903638495922	3.40284889817993	1.3953556972175	4.07130703654344	0.981477357673861	2.67891203031124	3.14878023053622	-0.101480017848561	1.74740861055749
Chabri	Lamprologini	MUD6_LZF5	1	1	M	8.80692623625315	7.16021834895347	2.38818540335348	2.54461965893968	2.71489389771667	1.05234285325723	3.49132465257598	1.47654189170616	2.13405727167761	1.15961045778732	-0.101480017848561	1.74740861055749
Chabri	Lamprologini	MUD8_LZH7	1	1	M	7.14410348876473	6.28181006390323	2.91516386364802	0.775157859670457	2.09616265592927	1.3674711561347	3.38058719419712	1.67968501802275	2.64081640505981	0	-0.101480017848561	1.74740861055749
Chabri	Lamprologini	LPB8_NBD3	1	1	F	5.66564659618019	4.81512656612539	3.62904997836602	3.15727885674228	4.10531350328888	1.35844071248413	2.64463711118569	0.256701039379322	2.60666157690861	0.743263761707642	-0.101480017848561	1.74740861055749
Chabri	Lamprologini	MUD7_LZG6	1	1	F	6.41617852403854	5.87660731169658	3.33864889578528	2.49196491689168	3.11956816624743	0.752717682298002	3.74453141154238	0.750417248561946	3.18701422029002	0	-0.101480017848561	1.74740861055749
Cphgib	Cyphotilapiini	RLB3_QVI8	0	0	F	8.73253004698866	7.46389378668456	3.61544807952221	3.49567981472285	2.20662915951345	1.2215807801591	2.38511540450024	2.07800482790461	2.46061650263927	0.727667998952793	1.12392489392033	-0.740330535066462
Cphgib	Cyphotilapiini	MPF2_ODH7	0	0	F	9.94010830135235	8.65044757074195	3.66029431575611	3.83709654513345	2.43304356203233	1.1095792039145	2.82516242769007	2.0803881986823	1.06786239986236	0.846592480916237	1.12392489392033	-0.740330535066462
Cphgib	Cyphotilapiini	MPE9_ODF5	0	0	M	9.02893182462788	7.32319981091164	4.18685231429616	3.75274109964786	2.65497576289501	1.40680874847866	2.54188376736531	1.12102800375955	3.22918212692107	1.39318497729454	1.12392489392033	-0.740330535066462
Cphgib	Cyphotilapiini	MOA9_NRC2	0	0	F	7.45169083121701	5.87826480209257	3.88188873838642	3.25655736571627	3.07771077336518	1.47199067089092	2.90953484301179	1.17773158484168	2.67793348991744	0	1.12392489392033	-0.740330535066462
Cphgib	Cyphotilapiini	MPF1_ODG6	0	0	M	8.46064141762514	6.9023895865894	3.29169578619932	2.41531032318035	2.56122567591911	1.69135906560769	2.2596554472541	1.38690914569885	2.53558544107065	1.63047350394668	1.12392489392033	-0.740330535066462
Cphgib	Cyphotilapiini	RLA8_QVE4	0	0	F	7.52390220378358	6.51334150989102	2.70620937762634	2.51885964592299	2.33185079697246	0.95172623915403	2.49527636216544	2.08978117062347	2.11006585314977	1.3841354815429	1.12392489392033	-0.740330535066462
Ctehor	Tropheini	LNB8_MBG6	0	0	F	7.46507821379848	5.87578055444955	3.19411558415523	2.36068368505067	2.76967802448975	2.02237704624717	2.58712372142608	1.6486338626652	2.41947767679935	2.05905341540621	1.15041501743279	0.375063811376848
Ctehor	Tropheini	LNC7_MCG6	0	0	M	7.44067070554956	5.45715823947891	3.25303017532782	2.44044410987513	2.68647408220068	1.36388537780344	2.22563956845939	1.62767313521339	3.07910260302778	0	1.15041501743279	0.375063811376848
Ctehor	Tropheini	LNB9_MBH7	0	0	F	7.35042033665877	5.73001791431107	3.10627879641317	3.22367137020174	3.25334822849045	1.66071736624905	2.50847809378185	0.94322964207067	2.42927637206778	3.07927706345528	1.15041501743279	0.375063811376848
Ctehor	Tropheini	LNC8_MCH7	0	0	M	6.57940464645363	5.42937393264456	3.12063859277681	1.87753263915783	2.77912878959364	1.23749641545246	1.66960372814115	1.59877108487393	2.32711275825105	1.11784395834298	1.15041501743279	0.375063811376848
Ctehor	Tropheini	LND9_MRB1	0	0	F	7.04291788077043	5.78276919361089	3.27134036092868	2.52858182025225	2.37400170834202	1.49385275994271	2.84585010269399	1.14155573522263	2.19634170732293	1.62627838698281	1.15041501743279	0.375063811376848
Ctehor	Tropheini	LND6_MDG6	0	0	M	7.28761819734304	5.49874646942731	2.62110310769855	2.92097332203364	2.88216135333588	1.50814566385374	2.01886166906709	0.940059000166327	2.21365025476355	1.04242651603481	1.15041501743279	0.375063811376848
Cyafur	Ectodini	LPF3_NEC2	0	0	M	8.70093313256389	7.71487329690092	2.6311815966386	1.31191691545351	3.12727569794834	0.610668505788099	2.98658077187614	1.03548526359418	2.24559027763335	0.932269469976191	-1.61083198217293	1.73185391484686
Cyafur	Ectodini	MPD4_OCB1	0	0	F	1.95469102341689	1.46759250871295	3.12451871698779	2.32379661711931	3.06686691641087	0.775653965529452	3.66046546762857	3.19464167056694	2.78634271798876	1.7883841955136	-1.61083198217293	1.73185391484686
Cyafur	Ectodini	MPD3_OBI8	0	0	F	6.65844429494782	6.38317393978464	3.2843594024185	2.47884137432987	3.11432787507501	1.07622112698007	2.98310141354372	2.10851943869973	2.6434214691232	1.82679577072009	-1.61083198217293	1.73185391484686
Cyafur	Ectodini	MOF5_NUG6	0	0	F	3.83507518041353	5.14554703618986	3.26852422235141	2.75515742118393	3.38656735043555	1.29867532284483	2.61285187027307	1.8258002781722	2.98410952663148	2.2554224780385	-1.61083198217293	1.73185391484686
Cyafur	Ectodini	LPF2_NEB1	0	0	M	4.92568711721157	5.21278681612818	2.81566211091786	1.44567162143055	3.04903457453697	0.820367782241762	2.61933600220039	2.74876369494386	2.87681729054628	1.21413972970711	-1.61083198217293	1.73185391484686
Cyafur	Ectodini	LPD3_MYI8	0	0	M	7.98716337525335	7.25910014437301	3.29436563579985	3.17736021434549	2.73567965207937	1.99238523197803	2.51052575448258	1.98814549519268	2.38710249036944	1.61060227300747	-1.61083198217293	1.73185391484686
Cypdwj	Cyprichromini	MVD1_OIE4	NA	NA	F	4.1126242433264	4.49500626476943	2.95069534548248	2.71994763637786	1.87993156174863	0.69660291147412	3.04461409172237	0.946639018731206	1.67984172726907	1.04949555228787	-0.0714174862072311	-1.18088198008097
Cypdwj	Cyprichromini	MVC9_OID3	NA	NA	F	6.84087986834498	5.79224889745363	2.97882310216773	2.90897791495271	2.36044350319015	1.67550703944998	3.7884508098818	0.674555020254668	2.39230560637099	0.755020608685355	-0.0714174862072311	-1.18088198008097
Cypdwj	Cyprichromini	MVC8_OIC2	NA	NA	F	5.73036280143562	4.2534341604148	3.59139817408428	2.86972811635353	1.77443750297331	1.26392139056408	4.13230785449481	0.877814753812444	2.49687364950176	1.55211044546584	-0.0714174862072311	-1.18088198008097
Cypdwj	Cyprichromini	MVC5_OHH7	NA	NA	M	8.19685683468293	6.55451778952285	3.23003496588993	3.33327258632733	1.52765090093323	1.85449880657418	3.29092919982398	0.723778542042244	2.20561521888471	1.70251747771851	-0.0714174862072311	-1.18088198008097
Cypdwj	Cyprichromini	MVC6_OHI8	NA	NA	M	7.04142151170665	5.33024932042262	3.66646916022602	2.54987194691406	2.03756707193658	0.443119129133074	3.41425963190133	1.6547966277037	2.7986181466257	2.23823871474574	-0.0714174862072311	-1.18088198008097
Cypdwj	Cyprichromini	MVC7_OIB1	NA	NA	M	6.63820984388647	5.9432225423529	3.03900201592272	2.4798725935572	2.82589957348996	1.05992075308032	3.57663822606113	1.23309472785105	1.5489228666128	0.952252370549992	-0.0714174862072311	-1.18088198008097
Cyplep	Cyprichromini	LPC5_MYB1	0	0	F	6.51746546757505	6.01616823527873	3.01517139895288	2.92923975261986	2.13275811405617	0.521564687138475	3.21224325603578	1.45165582204353	2.35720712409656	2.00092879656593	-0.148217428974904	-1.33818381549573
Cyplep	Cyprichromini	MUG8_LUC2	0	0	M	8.45690304830712	6.84827990751083	2.48266374050503	2.64131550314586	2.26576362587477	1.30450169638671	3.10180116124473	0.315029510539179	3.09414450479582	2.13033884814692	-0.148217428974904	-1.33818381549573
Cyplep	Cyprichromini	LNE5_MRG6	0	0	F	5.65490664271207	4.96873820627205	2.63101415477577	2.79286138960183	2.42465233006472	0.882079476411823	3.2282838324009	1.17606038255878	1.58285607164255	0.787866962900166	-0.148217428974904	-1.33818381549573
Cyplep	Cyprichromini	MUG5_LTH7	0	0	M	1.38006556741512	1.9824303461075	2.89797398019339	3.27902682956821	2.53543390104162	1.13106591030222	2.78858904054359	1.25285825822387	3.16716440991557	2.14373527535976	-0.148217428974904	-1.33818381549573
Cyplep	Cyprichromini	MUG7_LUB1	0	0	F	7.60441386375175	6.85168533659219	2.56010571511721	3.39744073697428	1.33020270174199	1.85992821421727	3.3286332837721	1.73488213727254	2.15659401089355	1.00525912496162	-0.148217428974904	-1.33818381549573
Cyplep	Cyprichromini	MUG6_LTI8	0	0	M	8.7692758598295	6.89819141936896	2.78194317878356	3.45162180101584	1.53965364819829	2.24907392446191	2.89707484503158	0.910563672512435	1.85340288305655	2.01603127353934	-0.148217428974904	-1.33818381549573
Cypmic	Cyprichromini	ONF5_QAC2	1	0	F	6.99021290662622	5.54054933315399	3.60474980025956	3.41223794007983	2.06096737056592	0.385258731841204	2.49794467727622	0	2.60219721351512	2.87400528248254	1.23169167407076	-0.949695026605205
Cypmic	Cyprichromini	ONF6_QAD3	1	0	F	3.47709961587182	2.03941602455853	3.74061460075046	3.84920365694281	0.624564541852115	1.17274671648837	2.48016971487294	0.953910721580867	1.69022621356913	2.41255555315125	1.23169167407076	-0.949695026605205
Cypmic	Cyprichromini	ONF7_QAE4	1	0	F	4.83498925260555	4.67754037696636	3.88837796340678	2.9700404370884	3.04966160761505	0.901222727042307	2.86771581935927	1.16004243228211	3.2492952990677	2.14346558429523	1.23169167407076	-0.949695026605205
Cypmic	Cyprichromini	ONF4_QAB1	1	0	M	4.96420268593833	4.25143885690496	3.25843088295453	2.78974322969818	3.22969835082127	1.14589979241662	3.11686442291036	1.1427970163171	3.0316776728711	5.07682713856499	1.23169167407076	-0.949695026605205
Cypmic	Cyprichromini	ONF2_PZH7	1	0	M	7.78195568577076	6.01669576422583	3.27103820606203	2.65353013522681	2.68149919092016	0.702164771131044	2.43152535053743	0.392035451394382	1.68981620135311	4.86272413359809	1.23169167407076	-0.949695026605205
Cypmic	Cyprichromini	ONF3_PZI8	1	0	M	7.11105844615489	5.75603505686648	3.17996719463131	3.19255826566488	2.09094723644509	1.52971252173628	2.85740101465346	0.956014486430841	2.23969925902002	5.39929040181753	1.23169167407076	-0.949695026605205
Enamel	Ectodini	OMA1_QCD3	0	0	M	8.50519941974026	7.20958690621896	2.764307509426	2.32947669037242	1.46763893545314	1.18753656799369	3.0555153305961	0.593641564117583	1.77380099966591	1.46555504277599	-0.497058470799046	-0.255614392587362
Enamel	Ectodini	OMA4_QCG6	0	0	F	1.25081002197671	0	3.18284370899501	1.54689396613096	3.01431618969789	1.60840428520506	3.48211126222257	1.23924038139752	2.90065469810881	1.12253755300303	-0.497058470799046	-0.255614392587362
Enamel	Ectodini	OMA2_QCE4	0	0	M	8.63031081481441	7.16192999543775	2.83180814417059	1.87237450990463	2.34622933243538	1.87193706590135	2.5012623165992	1.12280124712305	1.92554717668312	1.60305063560736	-0.497058470799046	-0.255614392587362
Enamel	Ectodini	ONI9_QCC2	0	0	M	8.04155950094812	6.73587278973377	2.86179064540436	1.16648793747673	0	1.55351189235035	2.83529533442972	1.67947424426296	1.20722630998073	0.965730213747015	-0.497058470799046	-0.255614392587362
Enamel	Ectodini	OMA3_QCF5	0	0	F	7.21948994422002	6.53251614223978	3.04981248706796	1.95500585397852	2.30027662749376	1.27514654102015	2.80181568820209	0.886589867225203	2.1249841473598	0	-0.497058470799046	-0.255614392587362
Enamel	Ectodini	OMA5_QCH7	0	0	F	5.17314742634435	5.30206712401662	3.05967835943692	1.92304874942476	2.24796061911837	1.16380527241033	3.40612995355638	0.946140038827587	1.97689845198189	2.39948558073425	-0.497058470799046	-0.255614392587362
Erecya	Eretmodini	ISG1_JOE1	1	1	F	8.12539693816252	6.24173876433375	3.83436030743336	3.15894270911568	3.45430580886946	1.69705629617925	3.29200719686355	2.06724460631707	3.44069405739837	2.10863250849946	-1.90178307202816	2.84364970253401
Erecya	Eretmodini	MUI3_LVH7	1	1	M	0	1.99892190408548	3.75601022999386	3.52872383142872	4.05813636395662	1.14308251021046	3.2164239776368	1.1399854462052	3.36424645844683	1.62433629329946	-1.90178307202816	2.84364970253401
Erecya	Eretmodini	MUE2_LRC2	1	1	F	7.03667585779334	4.92507703281356	3.46703292289843	3.19354530922589	3.56093378737894	1.86107399924654	2.98559824608439	1.8569705558418	2.85445950979862	1.70881407058467	-1.90178307202816	2.84364970253401
Erecya	Eretmodini	LNA3_LWI8	1	1	M	8.65645918721245	6.99057258630516	3.66715867289224	3.58191158378046	3.58327235564516	1.18389425439903	3.3096813042973	0.508228334744571	3.17454591918102	0	-1.90178307202816	2.84364970253401
Erecya	Eretmodini	MUI5_LWB1	1	1	M	3.00732379507211	3.4704509645897	3.99012529913083	3.2966634080467	3.64854367317323	1.29413548067533	2.92922971425702	1.1092174530073	3.20959856362836	2.58648734460772	-1.90178307202816	2.84364970253401
Eremar	Eretmodini	JXF8_KOI6	1	1	M	6.90096580123152	6.05686094304675	4.07772751950965	4.22262374924417	4.23595753569879	2.23829008350763	2.65750464616961	0.86636766234014	2.55828796391052	0	-0.426193580961639	1.03968855125854
Eremar	Eretmodini	JXF4_KOH5	1	1	F	6.73137198544764	5.20098136457559	4.10447588994315	2.77913110147609	3.75096766930447	0.849305078131058	2.72664269546939	1.58314741083063	3.10274395153127	1.91202743669151	-0.426193580961639	1.03968855125854
Eremar	Eretmodini	JXG2_KPA8	1	1	F	5.48794226463497	4.28667344979187	4.00520414162389	3.91968998652344	2.77888707234992	1.43137103434002	2.47507139005437	1.42780888669024	2.32688618735888	1.73984335130065	-0.426193580961639	1.03968855125854
Eremar	Eretmodini	ONB2_PVI8	1	1	M	8.65600075229175	7.22486220945958	4.0024495990804	3.68153697131082	3.77730818837975	1.36556824845274	2.92616285146065	0.607420654703987	2.85218345829314	2.20902626468279	-0.426193580961639	1.03968855125854
Eremar	Eretmodini	JXE9_KOG4	1	1	M	7.67177103042503	5.67594913160742	3.49385224769488	3.54657348239951	3.32102771654911	1.65248420037154	3.23386689803824	1.90513559613551	2.60280793791758	1.03962833558996	-0.426193580961639	1.03968855125854
Eremar	Eretmodini	ONB1_PVH7	1	1	F	8.66802229959918	6.20607975655071	3.78022924705576	3.10465468868883	3.26668985815133	1.86514045964355	2.57887762362507	1.30018113829521	1.91865757299562	2.33609653961543	-0.426193580961639	1.03968855125854
Gnapfe	Tropheini	LPB5_NAI8	0	0	F	6.15738998817666	5.40844523667435	3.45433015853161	1.36090866125888	2.38213074155345	1.45523698944438	2.34206712773047	0.760498257970832	2.10398936467526	1.76639204649876	-0.116962340424589	-0.25906601818425
Gnapfe	Tropheini	MUF3_LSE4	0	0	F	7.78666300658977	5.73955381041091	3.34988043383639	2.79671776600148	2.40510142460157	1.51875769466265	2.03118131711659	0.947902055080262	2.22647770266222	1.05085270763363	-0.116962340424589	-0.25906601818425
Gnapfe	Tropheini	LNC1_MBI8	0	0	M	7.62478595359435	5.91327982870788	3.54628948123509	2.50406990241116	3.17745143141308	1.54796798096727	2.5190954907326	1.07694075343167	2.94711777237056	1.7839062609187	-0.116962340424589	-0.25906601818425
Gnapfe	Tropheini	MUF2_LSD3	0	0	M	8.43174370850235	5.27078083138938	2.80328883537165	2.24939072699064	2.37615310959719	1.64295659097794	2.23892225872116	0.930785470742676	2.19842594618278	1.03245917963014	-0.116962340424589	-0.25906601818425
Gnapfe	Tropheini	MUD3_LZC2	0	0	M	7.25643610445671	5.13095186780351	2.72021431970307	2.59399357848741	2.73777781919768	1.13331231448843	2.2204763840908	1.62323197380561	1.93566152241272	0	-0.116962340424589	-0.25906601818425
Gnapfe	Tropheini	LNE1_MRC2	0	0	F	6.90030773079359	5.44391425218248	3.39844395640457	2.58038816488263	3.11193405012403	1.4112326078713	2.89976090556561	1.40769971768413	2.91606594338313	0.966072850208622	-0.116962340424589	-0.25906601818425
Hapmic	Perissodini	LPG9_NGB1	1	1	M	7.7018026983583	6.96408436587319	3.75223156872673	2.09651892407805	2.59204889867353	0.641450401131596	3.15619045634539	1.22557417475	1.96932734444775	1.88834152719448	0.333760499417797	-0.45719918366072
Hapmic	Perissodini	IQB7_JIG8	1	1	M	8.31749673083534	7.43239825008368	3.94498772048015	1.96060882558119	2.17145184695388	1.14879487041719	3.21656118141051	1.7182221999831	1.95663807519639	2.50142793476975	0.333760499417797	-0.45719918366072
Hapmic	Perissodini	IQB8_JIH9	1	1	M	9.02289790605735	8.01739137513138	3.63240782439347	2.37809096083842	2.46231779215044	1.4215292460713	2.95514910518986	1.69130411935128	1.46787208985866	2.61912890435068	0.333760499417797	-0.45719918366072
Hapmic	Perissodini	IQB6_JIF7	1	1	F	6.69670329764609	5.96135708111206	3.75861658702876	1.75912386826799	2.69843542190608	1.93560985571518	2.17220746211881	1.93142777388465	2.37300250780379	2.55331970422747	0.333760499417797	-0.45719918366072
Hapmic	Perissodini	LOC5_NJI8	1	1	F	8.00218774281933	7.00898094247203	3.99126877120174	2.59136370310365	3.39177033153955	1.44244247861198	2.5890796025016	1.61036367751568	2.3409598454887	3.01897486913855	0.333760499417797	-0.45719918366072
Hapmic	Perissodini	LOC6_NKB1	1	1	F	7.79410129854472	6.58872242986169	3.4433984534376	1.74388717283722	3.27121095912403	1.97174880439075	2.36339454434921	2.24570465896177	2.30834281664003	2.41074785687515	0.333760499417797	-0.45719918366072
Intloo	Tropheini	IPB6_JFF8	0	0	F	4.63080441748939	3.70249243289778	3.20020441470919	1.73882143705843	3.03141213584388	1.44935060028946	3.08436434136793	1.2505092965548	2.09687577876973	1.75984824647417	-1.67873387912807	1.06432472664603
Intloo	Tropheini	MUH7_LVC2	0	0	M	7.2616915862981	5.92255776352374	3.21733418321921	2.38688680320377	3.13614576804757	1.4080688898132	2.43059090993959	1.63068922951799	2.81769119559313	2.50193970215429	-1.67873387912807	1.06432472664603
Intloo	Tropheini	IPF3_JGF9	0	0	M	9.19764231137982	7.15643302331463	2.249293023285	1.83657859409898	1.86055525093634	1.71586262785998	2.25751366284406	1.86999139552226	1.88925819302956	3.1500032868884	-1.67873387912807	1.06432472664603
Intloo	Tropheini	IPB2_JFE6	0	0	M	7.42766902116205	6.21536894300892	3.48540621709387	3.38211067731139	2.61031500863948	1.44588346345719	2.24522273581374	1.44230020895203	1.73657586960099	1.43203792555303	-1.67873387912807	1.06432472664603
Intloo	Tropheini	IZI5_HAB2	0	0	M	7.33590302331701	6.89429635912623	3.26880011143435	2.8756776556034	2.79627462726569	1.52485603747963	2.77597361309769	2.04160606386307	2.44482950664228	2.08276491404456	-1.67873387912807	1.06432472664603
Intloo	Tropheini	MUH8_LVD3	0	0	F	8.18886623186454	5.9962703248893	2.91244580395649	2.62874373798643	2.4532694485717	1.28666886679429	2.2327077203538	1.44403038091166	1.6063256707205	1.57777152937227	-1.67873387912807	1.06432472664603
Juldic	Lamprologini	MOH1_NWE4	1	1	M	8.60717345837749	7.28611321830431	3.54624008402078	2.55527749743778	1.65037121029017	1.16239761315303	3.6522857082769	1.15926620613701	2.7787491702844	1.04764587147271	0.251456622790313	-0.150634349485513
Juldic	Lamprologini	MOH2_NWF5	1	1	F	7.96221931231353	6.27115409934895	3.47279057566911	2.75836117375674	2.57979128102606	0.971327825600147	3.37189628833719	1.69274766219769	2.96755966878333	1.07302430406513	0.251456622790313	-0.150634349485513
Juldic	Lamprologini	MOG8_NWC2	1	1	F	7.75947345279268	6.15731358370844	3.73649339494626	3.10073061969891	3.70573687962041	0.972289378165549	3.02933591054675	0.781264020323651	2.14264281305158	1.80199381133105	0.251456622790313	-0.150634349485513
Juldic	Lamprologini	MOG9_NWD3	1	1	M	6.619512786707	5.4067318915665	3.59500708172104	2.20637597560554	2.82859583880055	1.69976704350184	4.34525371696908	1.83172566920017	3.44425160943798	2.11164299226276	0.251456622790313	-0.150634349485513
Juldic	Lamprologini	MOG7_NWB1	1	1	M	9.01131588338461	6.93039436109123	3.38131217073541	2.22618481191313	3.14057205098567	1.3269301816991	2.68583230660434	1.46112618317982	2.36921100559614	0	0.251456622790313	-0.150634349485513
Julorn	Lamprologini	ISC7_JNG4	1	1	M	8.89389547732878	7.35293327317982	3.93650037588862	3.36070194285498	2.52208312594847	1.12231291120116	3.57112219401504	0.983278791828799	3.48744518770455	0.745192404551076	-0.00442868507124106	-0.160384367031115
Julorn	Lamprologini	ISB7_JMI7	1	1	M	7.03153194232109	6.41285822997229	3.62736169921468	2.69138117753497	2.86486520316555	1.64255417608365	2.48655272035531	1.49153656637651	1.95257511368941	1.62768013824855	-0.00442868507124106	-0.160384367031115
Julorn	Lamprologini	MUD4_LZD3	1	1	F	8.35395530229018	7.60887132452799	3.94002388370479	2.17311623735596	2.19901550410502	1.02825511968898	3.11963970764987	1.44668076977604	2.75316763987323	1.13390081655435	-0.00442868507124106	-0.160384367031115
Julorn	Lamprologini	ISC4_JNE2	1	1	F	7.81749919063528	5.94895750601503	4.07991054270521	1.74612827887077	2.62361968202177	1.76168823542948	3.28228618613297	1.13144988316582	2.18186934534136	1.61377161066572	-0.00442868507124106	-0.160384367031115
Julorn	Lamprologini	MUB8_LXF5	1	1	F	8.12491948566781	6.48841394349918	4.08335124755788	2.03547013135657	2.19161602437673	1.76967231255813	3.04250811535351	1.90428138380284	3.31673414336721	2.18906609483922	-0.00442868507124106	-0.160384367031115
Julreg	Lamprologini	MOG3_NVF5	NA	NA	M	8.68745022221379	6.49448889539601	3.00842521562545	3.13762254118141	3.01956404242246	1.45036457036006	2.47372717682968	1.19817037528523	2.19820935827447	1.31805416737915	-0.000910360124100759	-0.344655485250294
Julreg	Lamprologini	MOF9_NVC2	NA	NA	F	8.41290936412926	6.64068281268073	3.48080150838842	3.31702137780501	3.18512931420312	1.63634759650064	2.78352182037687	1.26323997523065	2.2876475237559	1.38703712566963	-0.000910360124100759	-0.344655485250294
Julreg	Lamprologini	MOF7_NUH7	NA	NA	M	7.81304683287142	5.49112900233571	3.38821668216557	3.40101656262393	4.21343671827638	0.943827206146077	2.43937579720604	0.452070128505511	2.16936416497347	1.82664935801862	-0.000910360124100759	-0.344655485250294
Julreg	Lamprologini	MOG2_NVE4	NA	NA	F	8.34485112767842	7.63499976774549	3.70109322193859	3.48697431785195	3.82778041676865	2.26916663446787	2.83532727317688	1.1304103516989	1.93590399175612	0	-0.000910360124100759	-0.344655485250294
Julreg	Lamprologini	MOG5_NVH7	NA	NA	F	6.52905724023253	5.40757607283716	3.63095406658754	2.93335206278627	3.48414199901161	1.15633189127672	2.81350006271424	0.794478584529061	2.34274786936704	1.82446156610342	-0.000910360124100759	-0.344655485250294
Julreg	Lamprologini	MOF8_NVB1	NA	NA	M	5.8720858018922	5.2129750884029	3.35985439674456	2.44255474495076	3.70559755492652	1.64262949303465	2.77493672321387	0.38073354832234	1.65679426032727	1.62775530201886	-0.000910360124100759	-0.344655485250294
Lamkun	Lamprologini	ONE5_PZF5	1	1	F	1.90619755083374	1.42596893834202	4.23053812738273	3.92254325447232	2.17804308601489	1.01462380924236	2.83976694663151	1.89155061776584	3.41437194778124	2.17550032975719	1.29402777768371	-0.71131469127676
Lamkun	Lamprologini	JXH2_KPD1	1	1	F	7.44776927331392	7.31335379588167	4.01605677651501	3.46916054018362	2.41406569727537	1.65457943654158	2.9435129269996	1.27893393654319	1.82486884844234	1.15980547574203	1.29402777768371	-0.71131469127676
Lamkun	Lamprologini	OND1_PYB1	1	1	M	0	4.39663765884258	3.86388197018563	3.25686287021764	2.78028468890695	1.38849375251505	3.16016831978933	0.569017666435026	3.1144526511928	3.4646551990544	1.29402777768371	-0.71131469127676
Lamkun	Lamprologini	ONC9_PXI8	1	1	M	9.19396044423863	7.77831438242228	3.66159570109162	3.04562993583743	1.79714831496527	1.05288396371026	2.68717896656296	1.27934113520503	2.96049632672658	1.16018768612319	1.29402777768371	-0.71131469127676
Lamkun	Lamprologini	ONE4_PZE4	1	1	F	6.32842935659189	5.01765917108866	4.40787208226099	4.06365393418451	3.38216505767933	1.85567003719488	2.69652092388084	1.06146862023024	3.85137026863609	1.32470117329922	1.29402777768371	-0.71131469127676
Lamkun	Lamprologini	JXG8_KPB9	1	1	M	7.98301011142016	7.36447000431534	4.02072886868208	3.37100188876508	2.80838690422455	1.55148402574148	3.039077841567	0.972183779943618	3.52537484873721	2.66122947012805	1.29402777768371	-0.71131469127676
Lamlem	Lamprologini	RKB7_QQG6	0	0	F	7.56111989148104	7.27378068274254	3.1612501766078	2.27432906000914	3.17514132183657	1.51598437590716	3.65407459279142	0.693810218784773	2.78040900531297	1.04864912242304	0.243204513916765	0.328305719813704
Lamlem	Lamprologini	RKB9_QQI8	0	0	F	7.87630328909626	7.46181092210629	3.29236904998038	2.05333102654282	3.09696413557906	1.03546344496846	3.64947175718163	1.54450516937149	2.85051161535609	1.14159824012078	0.243204513916765	0.328305719813704
Lamlem	Lamprologini	RKB8_QQH7	0	0	F	7.36858154080883	5.48195115888566	3.46220679148346	2.82808010847453	2.60233216048803	1.36801677878834	4.11778063782016	1.59690938826242	1.87715920192147	1.35461859409094	0.243204513916765	0.328305719813704
Lamlem	Lamprologini	RKF3_QTE4	0	0	M	9.57136490265711	8.76556391821041	2.94519359926793	2.7145879865577	2.39784977340891	2.23506038684335	3.51958719251556	1.15775323808983	2.14187253007717	1.27511017862439	0.243204513916765	0.328305719813704
Lamlem	Lamprologini	RKF4_QTF5	0	0	M	9.32329530208371	8.44399238491201	3.36846804733104	3.07961585245076	2.68888083016624	1.68151178449364	3.40320935882632	0.394120077096665	2.94842386355458	1.06154327424421	0.243204513916765	0.328305719813704
Lamlem	Lamprologini	RKA9_QQB1	0	0	M	9.51394743724205	8.02180782771033	3.28867689457426	1.96086344462636	2.7669570091372	1.66674977598662	3.98037358950625	1.12545670160677	2.38197990696694	1.60634414996259	0.243204513916765	0.328305719813704
Lamoce	Lamprologini	MPA4_NYI8	0	1	M	3.70937445960549	3.68537955195908	4.92984732231131	4.12853344522953	2.9477516126751	1.13495688798379	3.43051651390949	1.31573431275783	3.70417478845644	1.61429711541656	-0.351418575766885	-0.199439488780849
Lamoce	Lamprologini	MOI5_NXI8	0	1	F	5.06478630088488	4.99107825545034	4.82644221967201	3.44199359137205	3.09982319806422	1.29941582478594	3.25337061969621	0.447728668409028	3.71227881491195	2.25640957130013	-0.351418575766885	-0.199439488780849
Lamoce	Lamprologini	MOI4_NXH7	0	1	M	6.82239492455288	6.12632183693069	4.66292609739714	2.63419339368352	2.66209199406221	0.470549879874121	3.50616394917109	1.54627960192753	3.46489040402862	2.31848778514576	-0.351418575766885	-0.199439488780849
Lamoce	Lamprologini	LPI3_NHF5	0	1	M	7.22120041750563	4.82237733273345	4.16985446796059	3.786546180321	3.63313357294277	1.83511884999684	4.0381903265976	1.29964440656074	2.63472498676244	1.81936408201199	-0.351418575766885	-0.199439488780849
Lamoce	Lamprologini	MPA2_NYG6	0	1	F	6.21685622620592	5.35213985244188	4.66962209462388	3.99447382615119	2.68498498567633	1.2613514826706	3.5871333249637	1.03124979013292	3.55449676182106	2.81157686538652	-0.351418575766885	-0.199439488780849
Lamoce	Lamprologini	MPA3_NYH7	0	1	F	4.95127352310749	4.16695962212597	4.76192296107858	3.3648970721853	3.37221538338686	1.0976364143483	3.78860845859372	1.09462118760672	3.07406505945439	0.987306602644219	-0.351418575766885	-0.199439488780849
Lchaur	Limnochromini	LNI6_MZD3	1	1	M	5.56969918133584	4.52955361722664	4.06509575752526	2.4844243211329	1.19071535550948	0.455489306001933	2.6829022482443	1.84340102221446	1.46343308416081	1.83168230209095	0.920417627932473	-0.654188856087942
Lchaur	Limnochromini	RLC7_QIE4	1	1	M	6.23077231510889	4.61632475837773	2.7915750952386	2.29723162947858	2.5648110340847	1.36804919659055	3.21921003849787	0.704877717523266	2.24581598952433	0	0.920417627932473	-0.654188856087942
Lchaur	Limnochromini	RLC3_QWH7	1	1	M	8.32718120053344	7.82267916842046	3.53147878066139	2.47871507304668	3.11419159189826	1.07614038602956	2.35063839798782	1.40929045317211	2.74089583578568	1.54122141372342	0.920417627932473	-0.654188856087942
Lchaur	Limnochromini	RLC6_QID3	1	1	F	8.27313866216745	6.76258534720874	3.3121683630131	1.79578606170297	2.39743909402384	1.06917214175459	2.41419291483553	1.67258329428745	2.77597593004177	0.960844618439258	0.920417627932473	-0.654188856087942
Lchaur	Limnochromini	RLC5_QIC2	1	1	F	5.54585163948465	4.53535812505756	3.60363583929764	2.52077096768892	2.21315688008833	1.36679499100113	3.04000182189279	1.50330395240417	2.72391061910405	1.8958842359515	0.920417627932473	-0.654188856087942
Lchaur	Limnochromini	RKI2_QUE4	1	1	M	8.03686154534567	6.98672265113348	3.97267703238103	2.0894981508391	3.18160621312332	1.47524886342522	2.47242382356262	1.07610548811846	2.9723897481405	0	0.920417627932473	-0.654188856087942
Lepatt	Lamprologini	LNG1_MSI8	1	1	F	9.43982299016404	7.88151902114098	4.20693776498823	3.34385122297347	2.17386618566658	1.45560945125465	3.5045581073084	0.901453444236272	2.9773962504101	1.58616280443639	0.571114581265741	-0.643830767095447
Lepatt	Lamprologini	LNG5_MTE4	1	1	M	9.03579708871804	7.36779388667693	3.23428103677006	3.18031752383331	3.20988688883399	1.89913231030075	3.65087941879937	1.43268847576906	2.54760998260149	1.12187943258337	0.571114581265741	-0.643830767095447
Lepatt	Lamprologini	LNF7_MSF5	1	1	F	7.26470437284464	5.2813744418422	3.78704373706773	3.38654500264654	2.65054009690232	1.71892445512063	2.66792163717942	1.09859675069258	2.68378941251738	1.86137737658433	0.571114581265741	-0.643830767095447
Lepatt	Lamprologini	LNF4_MSE4	1	1	M	8.95686979831631	6.72751889393112	3.96403259779315	3.16026401922403	1.78132655738854	1.4665973653729	2.84426552385281	0	3.6656269853034	2.55184106418901	0.571114581265741	-0.643830767095447
Lepatt	Lamprologini	LNF8_MSG6	1	1	M	9.07351580237263	7.36920385016327	4.04202615723128	2.64007113704623	2.58993650415467	1.60143457343812	3.36979602540034	1.10968550532821	3.09894618816629	1.58676426305709	0.571114581265741	-0.643830767095447
Lepatt	Lamprologini	LPD2_MYH7	1	1	F	4.87795475029639	3.12914616052437	3.1213143560947	3.1910501313247	4.60165076307088	2.45730509352234	1.6633660262055	0.474118368756103	0.944580672168443	0.742640167297789	0.571114581265741	-0.643830767095447
Lepelo	Lamprologini	LOA9_NID3	1	1	F	8.65043500464865	7.34026583096666	3.61631534720562	2.60303448869231	2.36597634567353	1.32380987267351	2.4304292676342	1.1361237788845	3.25406034065079	2.62807972181053	0.994846752217394	-0.179183468542484
Lepelo	Lamprologini	LNG4_MTD3	1	1	F	9.44083948307658	7.27145275625263	3.39472608567179	3.56863654763954	2.67704091154092	0.648802170627661	2.69448219916712	0.646752796911453	2.81744787243284	0	0.994846752217394	-0.179183468542484
Lepelo	Lamprologini	LNG3_MTC2	1	1	F	9.06912292540719	7.53367002023181	3.51937835296842	2.70369653012061	1.93414733578366	0.861280652203633	2.94081830674588	0.4923401192578	2.54422372874993	1.93173751162473	0.994846752217394	-0.179183468542484
Lepelo	Lamprologini	LNG7_MTG6	1	1	M	8.95795695512912	7.23135176150733	3.42330197533632	3.6622533607805	2.14048059887762	1.68710773197639	2.45072061107305	1.15611050872866	3.19772797030756	2.1379565899986	0.994846752217394	-0.179183468542484
Lepelo	Lamprologini	LPG2_NFC2	1	1	M	8.78897275957759	7.33098408284003	3.46951093098508	2.20004131352495	2.43677909115998	0.96956245349899	1.77633985469566	0.3985295467594	2.96441582244527	2.43411764007251	0.994846752217394	-0.179183468542484
Lepelo	Lamprologini	LNC2_MCB1	1	1	M	8.27937610954764	7.87157139296866	3.6882732521737	3.47549609621655	2.65468872352342	1.15480288221146	2.5301758932774	0	3.04590841645504	1.93309518582692	0.994846752217394	-0.179183468542484
Loblab	Tropheini	LPE3_NDB1	0	0	F	6.96543222411898	5.52251122880739	3.03903659431499	2.78382979998057	2.20610461315204	0.431570224836229	2.82997961973747	1.25660974682418	2.10493408025698	1.13883805500443	0.690680962897439	0.652722757397934
Loblab	Tropheini	MUC2_LXI8	0	0	M	5.31528580783787	3.80699317245113	2.9798588961573	1.78978099135472	3.48349851066736	1.33831030685706	2.3810853690984	0.903064500693378	2.20738969427603	1.32508932475837	0.690680962897439	0.652722757397934
Loblab	Tropheini	ISD8_JOA7	0	0	M	5.8641787144461	3.7843909080598	3.10776937426085	2.76544139248709	3.38656003915996	0.717321480539317	2.19359387888042	1.69848876371614	2.97480516023878	1.07738794489675	0.690680962897439	0.652722757397934
Loblab	Tropheini	LPE2_NCI8	0	0	F	7.22595161294639	6.92059224253209	3.27566460560149	2.29123281792294	3.01167685886392	1.36343800007892	2.10694658219241	0.956121349141409	1.69337900920582	1.66399852326859	0.690680962897439	0.652722757397934
Loblab	Tropheini	LOH7_NPE4	0	0	F	5.78245338633358	4.53077243669601	3.4810121308956	1.52701376794302	3.40985809001449	0.354657294183184	2.38749406495038	1.41442620810389	2.49002426746651	0.971344896685874	0.690680962897439	0.652722757397934
Loblab	Tropheini	ISF2_JOC9	0	0	M	7.38446690508321	5.51973311064303	3.39266623800788	2.55347306356578	3.1400477996317	1.4700614848146	2.39269082636805	1.12141266779058	2.81829840357254	1.89231369150048	0.690680962897439	0.652722757397934
Neobre	Lamprologini	MVH5_PSI8	1	0	M	8.91575870116005	7.81284730502947	3.9656457792898	3.36468770322647	2.77753523170452	1.64106551312939	2.96489170749391	0.883044013953591	2.81130928342929	1.97150860697034	-0.147597802537546	-1.04785520792856
Neobre	Lamprologini	MVH3_PSG6	1	0	F	10.1559882422095	8.26854059678582	4.33402258548467	3.61053117095369	2.78193457852819	2.48995980810965	4.55901695501725	0.787633809235259	3.94323684491905	2.12138547939141	-0.147597802537546	-1.04785520792856
Neobre	Lamprologini	MVH8_PTD3	1	0	F	8.60364117982037	6.99440209163587	4.31739524704919	2.57569183543667	3.10694658219241	2.51685504533693	3.81347851410877	1.36079856492617	4.05775437584218	1.66491922374289	-0.147597802537546	-1.04785520792856
Neobre	Lamprologini	MVH2_PSF5	1	0	F	8.27319555570138	7.38101509212505	4.14233991247037	3.3784410127012	2.59283086362518	0.662361293189269	3.2319697859889	1.11154885318579	2.7042524904632	1.22592208457044	-0.147597802537546	-1.04785520792856
Neobre	Lamprologini	MVH6_PTB1	1	0	M	8.81999286828766	7.01922931439217	4.16122824423489	3.0160378722546	2.01680400972735	2.09610124476445	3.49858660615423	1.46301082957698	2.67084849179781	0.901930209795734	-0.147597802537546	-1.04785520792856
Neobre	Lamprologini	MVH4_PSH7	1	0	M	7.66628508299867	6.99178598530811	3.9453623642399	3.42188008938801	2.57815980972911	2.31757990241954	3.55256151571052	0.527107578790106	3.05951570275404	0.818162826863209	-0.147597802537546	-1.04785520792856
Neobue	Lamprologini	MPC9_OBF5	0	0	F	6.98082162545237	6.5261351841314	3.06381664259816	0.977974521554764	1.99160909672636	1.58994848518494	2.42272224972821	0.893919298036006	3.29838397216229	1.98916589866245	0.396154240239464	-1.20291529356888
Neobue	Lamprologini	MPC8_OBE4	0	0	F	7.66757000845614	7.5942260568358	4.01946263136581	0.825438850622001	2.52111708929336	1.76596155122735	2.43506500623496	1.90043289596475	3.53049279866532	2.18496608606827	0.396154240239464	-1.20291529356888
Neobue	Lamprologini	MPC6_OBC2	0	0	M	7.26639958422609	6.81619520374273	3.58238498895893	1.25854244180556	2.61584471030756	1.79684316575011	2.33553527796789	0.798646055825803	3.73351812601654	1.831517333045	0.396154240239464	-1.20291529356888
Neobue	Lamprologini	MPC4_OAI8	0	0	M	8.22225007699121	6.52904817953102	3.66371691645402	2.08998619818041	2.69028745947999	1.8604368580295	1.9132356372544	1.74793644312129	2.97294643573934	2.21040756823567	0.396154240239464	-1.20291529356888
Neobue	Lamprologini	MPC7_OBD3	0	0	F	7.46472298775447	7.24049751707326	3.62269261453689	1.54809082967736	3.23862515864489	1.78347090312979	2.65054423265298	1.43460047425362	3.27395743301859	2.1269550206319	0.396154240239464	-1.20291529356888
Neobue	Lamprologini	MPC5_OBB1	0	0	M	7.50778750597481	6.45386635845727	3.56335950778732	1.17669361250524	2.99377832623471	1.69603744952219	2.72827493290177	1.08110711391056	2.77252820564931	0.825543950716947	0.396154240239464	-1.20291529356888
Neocau	Lamprologini	IQA5_JID5	1	1	M	7.18894385088223	6.22842834059377	3.97319796822031	3.86688820151631	1.15510738849352	1.47285320791977	3.79305207009216	0	3.67464820780239	1.15330922305414	-0.262257850324382	-1.35380911409167
Neocau	Lamprologini	IQA4_JIC4	1	1	F	9.06606173592524	7.47834655562545	3.68106127098828	3.59912256432869	2.98323095547992	2.25198473608518	4.28897198323798	1.63626638171511	3.04234683842687	1.77923786437518	-0.262257850324382	-1.35380911409167
Neocau	Lamprologini	IQA3_JIB3	1	1	M	7.98387887826371	6.82949188541105	3.82380743372794	3.53072375361427	1.16767520867559	1.05820634083984	3.36074927162573	0.781345024191279	3.25404990654034	1.80213199159508	-0.262257850324382	-1.35380911409167
Neocau	Lamprologini	IQA8_JIE6	1	1	F	5.81611556989561	5.48491631908066	3.59743701757204	3.62127357953269	2.51923340558354	1.78042055443524	4.1323136131768	0.683857757680567	3.4709701941886	1.63166308746278	-0.262257850324382	-1.35380911409167
Neocau	Lamprologini	MUH2_LUF5	1	1	M	6.6624447894118	5.71932118553935	3.92619303042489	4.18962849713627	2.06240220867389	1.34054688779295	3.65960608028075	0.384374127982027	2.91261422816522	2.05991936907805	-0.262257850324382	-1.35380911409167
Neocau	Lamprologini	MUH3_LUG6	1	1	F	6.64524051264527	5.87137154195175	4.19535783575071	3.92374724711816	2.48050244913643	1.57957794492399	3.82440026015592	1.40645939061909	3.26772185328192	2.14662980856835	-0.262257850324382	-1.35380911409167
Neocyg	Lamprologini	LFE2_KXD3	NA	NA	F	8.2439774788993	6.63413117194265	3.01924430653132	1.01021124043521	2.2903633564017	2.46092600108791	3.15312467736031	0.534862534118346	1.64762811482858	3.36725754680527	0.153890649649064	0.0640221724713856
Neocyg	Lamprologini	LFD9_KXB1	NA	NA	M	8.77764622847196	6.20544588577546	3.46174594267407	2.38833118163535	3.13772843548978	1.52690262873607	3.29177460272552	1.52320562910734	1.87678998913157	2.62974291917427	0.153890649649064	0.0640221724713856
Neocyg	Lamprologini	LGG3_KXG6	NA	NA	M	8.35332152661309	6.86336859225534	3.2240217463373	2.02206734604838	2.75353522364328	2.46829422773751	3.39701487638129	1.14031993015218	3.02770150631205	2.36954353700302	0.153890649649064	0.0640221724713856
Neocyg	Lamprologini	LFE3_KXE4	NA	NA	F	5.83079810908538	4.61686403361812	3.42585886414033	1.22356217875782	2.69269790120052	0.480738083023236	3.59550485399583	1.36492535917288	2.50605322379319	2.34756474915043	0.153890649649064	0.0640221724713856
Neocyg	Lamprologini	LFE1_KXC2	NA	NA	F	6.3153282007798	6.26399944885639	3.20541081245296	2.29626503520736	2.92690518461486	2.27002622882237	3.55588976007382	1.25389792289843	2.35442282115643	2.19989530741146	0.153890649649064	0.0640221724713856
Neocyg	Lamprologini	LGC6_KXF5	NA	NA	M	8.32495502767461	6.25862482398712	3.28121173136038	2.11063919336969	3.58943153307825	2.56431182501918	4.47536833429805	1.56471276671733	2.99647823415404	1.42985534468739	0.153890649649064	0.0640221724713856
Neocyl	Lamprologini	LPD5_NCC2	1	1	F	6.68388590084655	5.6922346845538	3.37515664990235	2.89179322801139	2.56767832133106	0.964213112428827	1.68797664327585	1.12703230675155	2.46006521607168	1.79023071719664	0.336866670060355	-0.410899248773567
Neocyl	Lamprologini	LOA3_MXD3	1	1	M	6.97535504657542	5.60325957938387	3.01760839945782	2.60038228123689	2.85176283126639	1.63224122288817	2.42784374203207	1.48176185250158	1.9413185668676	2.6254187262735	0.336866670060355	-0.410899248773567
Neocyl	Lamprologini	LOA2_MXC2	1	1	F	7.74332847953117	6.15478145907046	3.20965797986353	2.83973510602096	2.58609577335071	1.70190031762833	1.61746493805026	1.54785647067159	2.82700600963898	2.44322975120863	0.336866670060355	-0.410899248773567
Neocyl	Lamprologini	LPD6_NCD3	1	1	M	7.69411547319347	6.24729182828411	3.27688847758529	2.29231883484531	3.01287255495031	1.53074896915913	1.91038614326426	1.67609225192769	2.45219846764743	2.41737403449862	0.336866670060355	-0.410899248773567
Neocyl	Lamprologini	LPD4_NCB1	1	1	F	8.02659038865581	6.58751816413147	2.93315468713396	3.1629178339868	2.49884569699978	2.23358685387589	1.98171641261644	1.42039778092036	2.06611055079935	1.73157732160079	0.336866670060355	-0.410899248773567
Neocyl	Lamprologini	LPG4_NFE4	1	1	M	7.52294868033431	5.75456980711157	3.3963943464091	1.94966864457446	2.74685190251011	2.10662001377119	2.04275358590612	1.18069911236268	2.5403162258275	1.86020083781065	0.336866670060355	-0.410899248773567
Neofur	Lamprologini	IPF4_JGH1	0	0	F	6.93076571816978	5.84584729327345	3.27292541269951	2.10354430203438	0	1.39384669311233	2.4761364215254	0.7212079706494	2.49158505075174	1.69800016794349	0.203422020433994	-0.425188320571072
Neofur	Lamprologini	LOH2_NOG7	0	0	F	6.76217338516878	5.02210233271599	3.27323373839859	2.7596341666611	2.87351655921149	1.97478992850503	2.47641875903898	1.14818116934113	2.87959873629426	2.12682983475654	0.203422020433994	-0.425188320571072
Neofur	Lamprologini	LPC6_MYC2	0	0	M	7.22146532076317	6.24002862452772	2.59473484582153	2.95789658804193	2.36638740510154	0.67944001313901	1.93014613719229	1.48412884841551	3.02140439259907	2.03924896118768	0.203422020433994	-0.425188320571072
Neofur	Lamprologini	LOH1_NOG6	0	0	F	5.05944094374443	3.76925549207072	3.4178544047308	2.09651184005742	3.09495656169158	1.82680797110786	1.99138270574312	0.786603219903107	3.88595987750113	0	0.203422020433994	-0.425188320571072
Neofur	Lamprologini	MUF9_LTC2	0	0	M	7.83104496936105	6.20176009146323	3.20900988320259	3.07951942942555	2.00381125042128	1.03255580237717	1.60216656358796	1.02966207465306	2.5730123528999	1.13849339749654	0.203422020433994	-0.425188320571072
Neomod	Lamprologini	MUE3_LRD3	0	0	F	8.2899381828143	6.21180537977387	3.891674843974	2.18761954336749	2.82044674261683	1.63510567104054	2.46228925741716	1.03486647197405	2.36587279283689	1.14406007841848	0.562052368276518	1.46115547260068
Neomod	Lamprologini	IQA1_JHI1	0	0	M	7.39592479908301	5.54882930490035	3.43894604224522	1.69943436436718	3.44876539485819	1.16878385937235	2.89070602371842	2.24183621843543	2.5179478702846	0.895744437204257	0.562052368276518	1.46115547260068
Neomod	Lamprologini	MUC4_LYC2	0	0	M	8.05111212344667	6.41901632554966	4.02724253597374	1.44282940235024	3.15597633566648	1.33739654746846	3.26635479176324	1.18108409940926	3.1426798952149	1.46182136437181	0.562052368276518	1.46115547260068
Neomod	Lamprologini	IQA2_JIA2	0	0	M	7.13812125022608	5.23648917427762	2.69406380866277	0.673421102798734	0.935869528147331	1.37050245103658	2.18601207577839	1.75235768368317	2.04539928384	0.934312150921811	0.562052368276518	1.46115547260068
Neomod	Lamprologini	LND4_MDE4	0	0	F	5.56435347302439	4.39711703961142	3.54084066435577	3.28229122793862	2.77089774416069	1.88662584049426	2.51789220334384	1.882494762034	3.03284809968089	0	0.562052368276518	1.46115547260068
Neomod	Lamprologini	LND5_MDF5	0	0	F	4.44080207554189	3.24461690896918	4.01502648995742	1.72624007041611	3.01562833803638	1.90111944461927	3.53409398298924	1.60560432152621	3.71583188451723	1.12334769580357	0.562052368276518	1.46115547260068
Neomul	Lamprologini	MOI1_NXE3	1	0	M	7.41760276360148	7.22761209301365	4.04650502957729	3.08346000971536	2.9635503258543	1.89001508428095	4.55849357326855	1.56587496538322	2.34395125351566	2.13504852667679	-0.613546108108279	-1.85002545376018
Neomul	Lamprologini	MOI9_NYE4	1	0	F	3.97828350690618	3.33067828501519	4.0797731873375	3.0940574957197	2.51950240227248	1.90315013250383	4.161585410132	1.49554167626392	3.27039378617258	1.63188375585672	-0.613546108108279	-1.85002545376018
Neomul	Lamprologini	MOI6_NYB1	1	0	F	4.52724302808734	4.21124665132696	4.1264723841615	2.90817440753086	2.11405379618496	1.19202557793859	4.39744155844879	0.713562975220969	2.26349419160361	2.11154351177741	-0.613546108108279	-1.85002545376018
Neomul	Lamprologini	MOI7_NYC2	1	0	M	4.42772482822863	2.9483062983357	4.29987471002709	2.90290035884843	1.46206488668397	0.746131719414011	4.32121667085177	1.23221253083675	1.76762217304668	1.11594612807288	-0.613546108108279	-1.85002545376018
Neomul	Lamprologini	MOI2_NXF4	1	0	M	7.06024846473821	7.72870895770303	4.38186130392839	4.01911920414523	2.16280813439278	1.72283233506704	4.0551939185637	2.14982221897072	3.19689451587088	2.31199913825304	-0.613546108108279	-1.85002545376018
Neomul	Lamprologini	MOI8_NYD3	1	0	F	2.59499538140994	1.34905156489633	4.28213210598697	3.38969207850811	2.54863119044524	0.953075599236873	4.82463294415898	0.390420832635933	3.50333474070329	2.07948017572883	-0.613546108108279	-1.85002545376018
Neonig	Lamprologini	ONH4_QBF5	NA	NA	F	7.587148930576	6.07809614176939	3.12741240172406	2.68134536054314	2.83264255808896	1.82050985062149	4.08524447809059	1.00637343349356	3.32060742462612	2.64087238295033	0.363057309970983	-0.346172109959523
Neonig	Lamprologini	ONH1_QBC2	NA	NA	M	7.59804282011079	5.78578566362501	3.59107258197457	2.18846486008825	3.07853110593678	2.1534609933854	4.55439545618898	1.2818020907348	3.571164677613	2.3112246635682	0.363057309970983	-0.346172109959523
Neonig	Lamprologini	ONG9_QBB1	NA	NA	M	8.41686127073367	5.95118911503728	3.22648340573397	2.39763842501926	2.67733120668911	2.50741689001616	3.88914641669241	0.289561595943864	3.98096850343416	2.67457702968982	0.363057309970983	-0.346172109959523
Neonig	Lamprologini	ONH3_QBE4	NA	NA	F	7.30268826928233	6.12094637381457	3.52215997910778	2.67540744841498	2.9803911388662	2.15628075621993	3.89018984480686	0.843815131292989	3.29492226821204	1.90710909926979	0.363057309970983	-0.346172109959523
Neonig	Lamprologini	ONH5_QBG6	NA	NA	F	8.76197267717464	7.7394140680528	3.7743906922179	2.89438940114519	2.84267859933852	2.19335227599477	4.34654564496106	0.962914545728664	3.61817638809768	3.20362935858786	0.363057309970983	-0.346172109959523
Neonig	Lamprologini	ONH2_QBD3	NA	NA	M	7.92695358335056	7.47396139444361	3.74128360416207	3.2004593116812	3.0654737389998	2.17443646104677	3.9692112862134	1.80744931244526	3.39327079782211	0.899381692953448	0.363057309970983	-0.346172109959523
Neopul	Lamprologini	ISA7_JMA9	1	1	M	8.61259430390315	6.15962252609565	3.12205111629791	1.92566642129944	2.56320231378755	1.64698056702089	1.80342792496647	0.772144691156834	2.12572680480002	2.22475372539828	-0.163133313151714	-0.868851063314321
Neopul	Lamprologini	ISB4_JMF4	1	1	F	8.48380207562618	5.13369051216673	3.56651684445039	1.73199300932018	2.52401601990358	1.61495337403698	2.20640504712702	1.43959282069763	3.05751456382764	2.52131914369171	-0.163133313151714	-0.868851063314321
Neopul	Lamprologini	MUH4_LUH7	1	1	M	8.08276857511208	5.88233442632969	3.51676782557394	3.86489332530069	2.43778808620221	1.83087065085073	3.00770304697504	1.49550995371331	2.62977205643142	2.59403443813566	-0.163133313151714	-0.868851063314321
Neopul	Lamprologini	LOE4_NLI8	1	1	F	7.66076393643692	6.02951826056601	3.49555574652677	1.94934069303648	3.35403839137967	2.0184579210125	2.56116578735738	1.82087496507801	3.0397579878698	2.64605894532022	-0.163133313151714	-0.868851063314321
Neopul	Lamprologini	MUH5_LUI8	1	1	M	6.98914014299046	5.01416333748854	2.9242945127916	2.77654704855349	2.61655507767836	1.98959572793062	2.73134444939048	1.84384720350706	3.15587290545273	2.61382275563453	-0.163133313151714	-0.868851063314321
Neopul	Lamprologini	ISB3_JMG5	1	1	F	9.22879103857593	7.14959268191054	3.35549247801619	2.32164356736996	2.44998388702916	1.38686004692104	2.19693117345166	1.70144392821668	3.23436887838932	2.71534649207599	-0.163133313151714	-0.868851063314321
Neosav	Lamprologini	LOC9_NKE4	1	0	F	7.93839224906285	6.52429566215099	3.50839949407732	2.11839228756487	2.99913791252955	2.4112347776271	2.73916914198316	1.38592078008829	2.88565303693558	1.51660774090155	0.317228465021547	-0.0671406310648379
Neosav	Lamprologini	LOC3_NJG6	1	0	M	7.99479918904509	6.71390884954377	3.36465534986099	2.41293540460276	3.14511102507975	1.92416070944593	2.50948100497328	0.430847894622406	3.21270753214525	1.76928850356626	0.317228465021547	-0.0671406310648379
Neosav	Lamprologini	LOC2_NJF5	1	0	M	7.37517674156929	5.65287909547246	3.98514882162495	2.11330710446471	3.36237464108179	2.25159912809373	2.7335504470317	0.618555449800389	3.39804699485192	0.945857344227918	0.317228465021547	-0.0671406310648379
Neosav	Lamprologini	LOC8_NKD3	1	0	F	7.25033253048922	5.36279563313291	3.20635768838059	1.94376120570387	2.16864396086232	2.01278711710582	2.40196980402718	1.3287543339496	3.31938425763629	0	0.317228465021547	-0.0671406310648379
Neosav	Lamprologini	ISA8_JMC1	1	0	M	6.93627280262608	6.12570730087785	3.92003027502616	2.85743067614103	2.96202681903295	2.08336826878098	2.92977244325361	1.91246324127735	2.92027633843909	1.37548267041232	0.317228465021547	-0.0671406310648379
Neosav	Lamprologini	LOC7_NKC2	1	0	F	7.31754647518209	5.59279068731908	3.86186308427564	2.43721468640612	2.86669991445199	2.12536345963264	3.00711080338826	1.56273673356292	1.86937279093002	1.55199433477273	0.317228465021547	-0.0671406310648379
Neotet	Lamprologini	IPG6_JHD6	1	1	M	8.3956198163651	6.46183138101944	3.07451245801044	1.67682884864061	1.9600594069666	1.56183444260855	3.24359916826956	2.28962143803554	3.04654449235422	1.95763420207983	0.262712926039227	0.524803140336851
Neotet	Lamprologini	MUD2_LZB1	1	1	M	7.48233363435492	6.13548951805781	3.44261684598097	2.13988724636873	3.04288225742043	1.39514617720183	2.8043493389684	1.51385958368258	2.43567472755515	1.38158960117495	0.262712926039227	0.524803140336851
Neotet	Lamprologini	IPG3_JHC5	1	1	F	7.96039239185866	5.978954309722	3.81863790309678	2.31079612632474	2.51838481894541	1.56340905451969	2.59121096759972	1.55966262601692	3.35870499604316	0	0.262712926039227	0.524803140336851
Neotet	Lamprologini	MUC9_LYH7	1	1	F	7.94886770737762	6.13674078405542	3.30530591131037	1.9253059990069	2.67099687611234	1.80166692508979	3.19678595362291	1.34925316428281	2.78354172580792	1.65196875272168	0.262712926039227	0.524803140336851
Neotet	Lamprologini	IPF7_JHB4	1	1	M	6.91033572227936	5.40915091961015	3.81757619009694	1.91428667270806	1.43308603828319	0.797564874368215	2.72365379149147	1.30482875018596	3.28346697026107	1.82561876168908	0.262712926039227	0.524803140336851
Neotoa	Lamprologini	KCD9_KTG3	1	1	M	7.92794799455772	6.95434406271597	3.72531362796596	5.51493335078368	2.42812014188659	1.82235040918573	4.99033636515317	1.69861499814327	2.66389107751758	1.557344405794	0.0661390166808291	0.076971649575166
Neotoa	Lamprologini	MVA2_OFC2	1	1	M	8.09937358667502	6.3207328680897	3.84820628251626	3.31553464022632	2.32462341527397	1.57982844268629	4.09380860389441	0.993328943013695	2.51328329588782	2.74732165508957	0.0661390166808291	0.076971649575166
Neotoa	Lamprologini	JZD5_KSI6	1	1	M	8.38019522971941	6.79037456441099	3.60661278298069	3.6424682267838	2.43516504380666	1.27362211111419	4.22663491422285	1.09064818740302	2.6711776351602	2.29560460703224	0.0661390166808291	0.076971649575166
Neotoa	Lamprologini	KCE6_KTH5	1	1	M	7.10338013794013	6.63350386641492	3.97983055069184	4.57740405274588	2.02579743626688	1.60048338217487	4.39467807526003	1.00880381965888	2.5388408246951	0.907489247534633	0.0661390166808291	0.076971649575166
Neotoa	Lamprologini	JZD6_KTA8	1	1	F	7.03569428338215	6.8413693545154	4.04739529870513	3.6188283012954	2.03320378334044	1.81012841187644	4.29404355542888	1.04970394605188	3.10925456841287	0	0.0661390166808291	0.076971649575166
Neowal	Lamprologini	MVB3_OGE4	1	1	F	8.45157709774817	8.05775513385525	3.63730767279375	3.24291585604961	3.41336566469057	2.28363705634359	4.7743711872882	1.04999383513581	3.41516684010808	3.41040732160272	-0.048452577924628	-0.792103643972282
Neowal	Lamprologini	MVA9_OGB1	1	1	M	7.07543957176887	5.40462182912172	3.76005377580631	2.62915072260454	2.65703078949921	2.24202683731736	4.18404617474356	1.2088455900712	3.13621764073507	2.0093138458339	-0.048452577924628	-0.792103643972282
Neowal	Lamprologini	MVA8_OFI8	1	1	M	7.63444225381497	5.850022020252	3.22927151025225	2.72388637967621	3.26385906104513	2.3511740234632	3.47234479459936	1.29830522259706	2.54981651275551	3.18284704527049	-0.048452577924628	-0.792103643972282
Neowal	Lamprologini	MVB1_OGC2	1	1	F	8.39181367969975	7.15480899726518	3.64575929145774	3.05865210396985	2.49998080862848	2.33443069251706	3.17063238975699	1.35969938791827	3.40215322595102	3.12825281226639	-0.048452577924628	-0.792103643972282
Neowal	Lamprologini	MVB8_OHB1	1	1	M	8.54579736317056	6.72230753790184	3.45441083852932	3.19507147534884	2.65819936977624	2.10261983813501	3.52625038945996	1.34004206446176	2.63221609138224	3.5361610983109	-0.048452577924628	-0.792103643972282
Neowal	Lamprologini	MVB2_OGD3	1	1	M	7.33203207141121	6.51181842335171	3.705120874259	2.21635894097303	2.6246844070111	1.80436957867902	4.17284590454213	1.16446321212946	2.182860072558	2.14965218298348	-0.048452577924628	-0.792103643972282
Ophven	Ectodini	MUH6_LVB1	0	0	F	5.13847455690383	4.10096503669907	3.79169531736853	3.54030382544654	2.72867960235935	1.71401334874397	2.86405675449349	1.71007706514836	2.03037280747117	2.72590777107171	-0.748281611613501	0.439026465819885
Ophven	Ectodini	LNB7_MBF5	0	0	M	7.59378699255017	5.25748137910357	3.28927985033865	2.51001854394016	2.652173714559	1.55937972160232	2.87525320629184	2.88227132411007	3.04328045367552	2.5347379562392	-0.748281611613501	0.439026465819885
Ophven	Ectodini	IQE4_JKF5	0	0	F	4.46561211323512	4.8245581024141	2.80853579977768	2.78168577821569	3.09028826420782	0.903221334184094	2.99045591014365	3.08958238468584	1.24692608746554	0	-0.748281611613501	0.439026465819885
Ophven	Ectodini	IQE8_JKG6	0	0	F	6.20643693134796	5.28745641120155	2.25770312668488	2.5234470376839	2.31511259979997	1.10495654997708	2.56806981384529	2.37948622290659	1.49380768143753	1.86590456564194	-0.748281611613501	0.439026465819885
Ophven	Ectodini	MUI8_LWE4	0	0	M	7.55529084360697	6.32013009827897	3.17249871651511	2.3157586541084	1.78356561196266	1.2714531671201	2.92750586843247	3.00764725978466	1.41881979177199	1.14966193702362	-0.748281611613501	0.439026465819885
Ophven	Ectodini	IQD3_JKD3	0	0	M	7.95885543213656	5.61839460625966	3.40138867750188	2.85605186735742	2.19908336951041	1.02829897518155	2.73723549715972	2.45611091281751	1.79118352252886	1.13394814930607	-0.748281611613501	0.439026465819885
PcybrN	Cyprichromini	JXI2_KPE2	0	0	M	7.17906611088662	5.50771568615583	3.18025179385129	3.30879887164229	1.901120603401	1.75482380844308	3.096380948084	2.0545210122955	2.42558686430547	0.933282937161429	0.753525329287369	-1.15743952445178
PcybrN	Cyprichromini	MVD3_OIG6	0	0	F	6.89517172572436	5.26750471162572	3.56086043926572	3.3364219370718	2.46105465533367	1.20429975512349	2.59174475317128	2.13019615996065	2.03119543553025	2.45838305415202	0.753525329287369	-1.15743952445178
PcybrN	Cyprichromini	JXI4_KPG4	0	0	F	5.36845966592021	4.68619346659293	3.49898479554738	2.83789521851557	2.56678520408145	1.53634240516113	3.40264496549499	2.25890087929004	2.12905150764653	2.09620415759886	0.753525329287369	-1.15743952445178
PcybrN	Cyprichromini	MVD2_OIF5	0	0	M	7.87992933238715	6.37013306134214	3.36206809448738	3.1614322346848	2.20610773973823	1.36129505536155	2.73386581007541	2.75082664373136	2.8461635194056	2.87001034029601	0.753525329287369	-1.15743952445178
PcybrN	Cyprichromini	JXI3_KPF3	0	0	M	7.2929096355306	6.26873810460774	3.06341199442918	3.60902563070296	2.58853307691341	0.50050583684779	3.54335111173703	2.2381014166371	2.56279387105426	1.28070693758098	0.753525329287369	-1.15743952445178
PcybrN	Cyprichromini	JXI5_KPH5	0	0	F	6.91506670060443	6.24369249867825	2.91060047275091	3.22270256743073	2.59125358195289	0.842786271931759	3.40317853975709	1.5080574087178	1.80922262095919	2.21635242162311	0.753525329287369	-1.15743952445178
Pcynig	Cyprichromini	MOA5_NQG6	0	0	F	7.29783336841106	5.65305284948421	3.32319191909429	2.61872730340002	1.73177627591335	1.52671136915628	4.21589211209694	1.05019240341468	2.88009167479119	1.51242614421536	0.309208087584516	-0.839408401483095
Pcynig	Cyprichromini	MOA1_NQC2	0	0	M	8.14094323957874	6.50165569240028	3.60441771871844	3.46361591815397	1.96833594327297	1.29009583777908	4.18333564688072	1.28674988021849	2.86255791571685	1.41191591961619	0.309208087584516	-0.839408401483095
Pcynig	Cyprichromini	MOA3_NQE4	0	0	M	8.06727462016041	6.8027076347404	3.38708387414263	3.44965869547207	2.0484615019539	1.35407352334421	3.53682627594459	2.12394060683689	2.706247179625	2.45174996907761	0.309208087584516	-0.839408401483095
Pcynig	Cyprichromini	MOA6_NQH7	0	0	F	3.87328463821992	1.42026464072379	2.99957019319717	3.04045394599926	1.97061919734619	0.420064637823731	3.15335186953572	1.0071876060366	3.03575849634386	0	0.309208087584516	-0.839408401483095
Pcynig	Cyprichromini	MOA4_NQF5	0	0	F	0	0	3.29967956977336	2.44774924205626	1.24354966376625	1.21390092151024	3.76997162962593	1.75105317809795	2.8575250314486	0	0.309208087584516	-0.839408401483095
Permic	Perissodini	MUD1_LYI8	1	1	M	7.30024638504956	6.48582383570615	3.47922150552396	2.76438522435409	2.37448199145243	1.49423638248983	2.18211987256654	2.46599300399543	2.19680719470555	1.62668069488196	2.142640764684	0.984928820666154
Permic	Perissodini	MUC6_LYD3	1	1	M	7.17644545235931	6.47863567616002	2.9208679767881	2.24847047204539	1.54574848957871	2.1155430250082	2.29114969776633	0	2.64633848930447	2.27215221936903	2.142640764684	0.984928820666154
Permic	Perissodini	LPD7_NCE4	1	1	M	7.72818515120895	6.62005893862485	2.91850111114439	2.59820987378374	2.05702909972759	1.80546829269224	2.1694100277125	1.93246413207338	1.90945976628406	1.44383947942363	2.142640764684	0.984928820666154
Permic	Perissodini	MUC8_LYG6	1	1	F	7.29738586642435	6.90754086405245	3.56781191275586	2.99860748813834	2.14238043360062	1.0905784116637	2.82852394417451	1.26691184362252	2.66629235563106	2.77418171216747	2.142640764684	0.984928820666154
Permic	Perissodini	MUG9_LUD3	1	1	F	6.58162707445658	6.18066585866147	3.49564783940421	3.00736865030617	2.10508130086365	1.62542994863616	2.52881308129982	1.77541427818865	2.46598934833993	2.80538801292298	2.142640764684	0.984928820666154
Permic	Perissodini	MUC7_LYF5	1	1	F	6.58671025852484	6.18036471070258	3.6224243821269	2.79950285018234	2.47912137176112	1.46768796881491	2.94569234479997	1.60975779839844	2.55498833080449	2.33856304377092	2.142640764684	0.984928820666154
Peteph	Tropheini	IPC7_JGA4	NA	0	F	7.75988485520175	6.01714469163044	2.70598431364623	1.98845020137375	2.86080352665485	1.57430063713783	2.33450506341612	1.21003905889555	1.74030502774504	0	-1.62293881576493	1.46765955363303
Peteph	Tropheini	LOB4_NIH7	NA	0	M	8.27314752278335	5.9455592473648	2.71918585044871	2.88277919422568	2.62072645063693	2.19466830075707	3.08558730721016	1.47607626534653	3.44374773166588	1.01990896456922	-1.62293881576493	1.46765955363303
Peteph	Tropheini	IPC1_JFH1	NA	0	F	7.85114248237287	6.8276920212244	2.95322202271238	2.79695568406091	3.55383845513636	1.92550654011954	2.806186071809	0.948035843274092	2.93075531201208	1.05099615150001	-1.62293881576493	1.46765955363303
Peteph	Tropheini	LPI6_NHI8	NA	0	M	6.93791754238854	5.37745626659326	3.50109897298166	3.12648477418041	2.96025183850767	0.726287248973574	2.53058119011577	0.72404905992226	3.25092004999016	2.13212702018642	-1.62293881576493	1.46765955363303
Peteph	Tropheini	LPE5_NDD3	NA	0	M	7.56847299604012	5.78693634832119	2.119149303978	1.98893476253016	2.63434838444727	0.461438663255669	2.60024001427107	1.85919791736459	1.87841028760748	1.84742973578204	-1.62293881576493	1.46765955363303
Peteph	Tropheini	LOB3_NIG6	NA	0	F	7.6780726095534	5.85220313783724	3.16039714868862	2.79987166188879	2.99221643995748	1.64134810734595	2.82104932159612	1.42707619340411	3.17439539212986	2.21824738035556	-1.62293881576493	1.46765955363303
Petfam	Tropheini	LPA5_MXH7	0	0	M	8.8531336138643	7.07770872280352	3.45874932487798	3.22761463427918	3.28636591315012	0.744896122916004	2.24807876070052	2.42648778482533	3.60871227138928	1.7354320601972	-1.61601753444823	1.81150131164751
Petfam	Tropheini	IYA6_HAE5	0	0	F	3.13388175153508	2.34832761357181	3.31442202499945	2.64667626656084	2.93577974544927	1.07048413045061	2.45901107732261	2.63347143320218	3.24242095728575	0.96206351461202	-1.61601753444823	1.81150131164751
Petfam	Tropheini	IYA7_HAF6	0	0	M	7.80556396734105	6.7033028444135	3.57575402790581	2.55247519856591	1.5197300917968	1.53191738845523	2.43829923988253	2.79119665308583	2.75648384237315	0.949778667193184	-1.61601753444823	1.81150131164751
Petfam	Tropheini	LNG9_MTI8	0	0	M	8.6534760364445	5.53369633664065	3.2154749898624	3.26893541701844	3.20303949022503	0.449465235758801	1.99613308835947	1.29654903211617	3.27096721589196	1.1763629888001	-1.61601753444823	1.81150131164751
Petfam	Tropheini	LNG8_MTH7	0	0	F	7.16956127622096	6.21423381954194	3.53879638541486	2.75474643175147	2.57868274783666	1.14237291767049	2.22937011779527	1.98568476289467	3.08328571397394	1.69653605766347	-1.61601753444823	1.81150131164751
Petfam	Tropheini	LNH1_MWB1	0	0	F	6.48054093355056	5.65170642565059	3.73474971710826	3.21813591723151	3.29661099298844	1.57864507364425	2.8009228793462	1.82560817930617	3.37944823860934	0	-1.61601753444823	1.81150131164751
Petfas	Tropheini	LNA5_MAC2	1	0	F	7.28472695356038	5.57101962131494	3.20871311218349	3.0209131984823	2.73075514956587	1.15308348379823	2.23073301111161	1.01142980006185	2.65798566187911	2.72798251633571	-1.28214614224398	1.12587921303734
Petfas	Tropheini	LPB1_NAE4	1	0	M	7.28977361402669	5.29183153946232	3.89836703056059	2.20456425842051	3.38101599224586	1.38044520293237	2.50671871787567	0.712711279463189	3.22507683880778	2.70653430983934	-1.28214614224398	1.12587921303734
Petfas	Tropheini	LPB4_NAH7	1	0	M	7.33008327932655	5.79523835794202	3.10228271309081	2.35748303510904	3.30211327125375	1.67759889411085	2.56653535361385	1.29878850412076	2.6335158397823	2.26005456981032	-1.28214614224398	1.12587921303734
Petfas	Tropheini	LPA9_NAD3	1	0	F	8.21394601202253	6.63424838013121	3.17568459005257	2.6047154096482	2.26472287339887	1.40720371481222	2.24239031584078	1.21200896011356	2.21735791598222	1.53531096525197	-1.28214614224398	1.12587921303734
Petfas	Tropheini	LPB3_NAG6	1	0	F	4.55987170958661	3.05258717793365	3.44138228553105	3.10715069178061	3.54528762207782	1.30522870627837	2.66180705112415	0.910178499198091	2.99374626829897	1.01029289175617	-1.28214614224398	1.12587921303734
Petmac	Tropheini	LOI2_NPI8	NA	0	M	8.51216010816582	7.67467249794188	2.59738338128874	2.01904890714799	2.63390660524589	1.141226770355	1.9324875653507	1.6330498513556	2.74592634761752	1.02790069009561	-1.16753806505023	2.21200715083652
Petmac	Tropheini	MOH4_NWG6	NA	0	F	8.81890742620871	7.62623104067452	2.21095703972668	2.21915674647338	2.35485890148737	0.519187603208373	1.65564537573717	0.28181716184028	1.34370571162081	1.31796447699244	-1.16753806505023	2.21200715083652
Petmac	Tropheini	LOI3_NQB1	NA	0	M	8.02216471166177	5.72214876062244	3.0265989531109	1.71592235591022	2.46191694523368	1.45432120843329	2.29183721091589	1.1081142549032	2.35602715008936	0.999886022589603	-1.16753806505023	2.21200715083652
Petmac	Tropheini	LOH9_NPG6	NA	0	F	7.74938744318436	7.36125690495258	3.28478638959157	2.89108725103033	2.32584171861592	1.30946493047061	2.44402481330922	0.880915397903935	1.99996898172317	1.67096584126601	-1.16753806505023	2.21200715083652
Petmac	Tropheini	LOI1_NPH7	NA	0	M	8.23965867012135	7.49254782714013	3.36268561058657	2.51391288056828	2.87341989718345	0.835884227841078	2.73444690389149	1.35825502397658	3.17822542806003	0	-1.16753806505023	2.21200715083652
Petmac	Tropheini	MOF6_NUI8	NA	0	F	6.94916720902278	5.92831323001657	3.09598027062021	2.8676363601807	2.18962501838089	0.913536208185399	2.40638782167667	0.91088129787859	2.55602616476794	0	-1.16753806505023	2.21200715083652
Petpol	Tropheini	RKB3_QQC2	0	0	F	8.3415477324516	7.36171309949194	2.76609898436609	2.87954737476267	2.55591478492253	1.64101231817491	2.53934271973403	0.768513719303501	2.29311441401312	0	-1.4638507601055	2.20172174774389
Petpol	Tropheini	RKC1_QRB1	0	0	M	7.6387776311384	6.16115546991041	3.16161894532299	3.03659230158567	3.38146722825586	1.41133675246894	2.76922142172235	1.27330103597333	1.42434596981074	2.56178166530198	-1.4638507601055	2.20172174774389
Petpol	Tropheini	RKC2_QRC2	0	0	M	10.0205688719428	7.6047785572966	2.67994033729285	2.76782130232946	2.83427555077067	0.976774424527877	1.86350002647454	1.5501776588282	1.33784236997703	2.44610877627409	-1.4638507601055	2.20172174774389
Petpol	Tropheini	RKB5_QQE4	0	0	F	3.46531106396341	2.9498144806211	3.10043342374323	2.48003473783935	2.50733468009582	1.23646628991326	3.06934660399497	1.36515499537551	1.87788046533572	1.35522210711419	-1.4638507601055	2.20172174774389
Petpol	Tropheini	RKB4_QQD3	0	0	F	7.70680403639875	6.63192102523229	3.25031357915386	2.64747914930717	3.27859962078775	1.48516557266462	3.02640879696275	0.442001927984488	2.96636124729361	1.79961536846678	-1.4638507601055	2.20172174774389
Petpol	Tropheini	RKC3_QRD3	0	0	M	8.86003040442457	5.6955356624318	3.01289096453455	2.247370981416	2.0348594307243	1.34316218788749	2.24520934676137	1.01485229436415	1.77639965760375	1.86761145416419	-1.4638507601055	2.20172174774389
Plepar	Perissodini	OMI7_QHG6	1	1	M	8.2998385444145	7.69977925656291	3.04864458913059	1.82990434469211	1.78709515541851	0.360404171356185	3.1085856759297	1.2710467246477	1.8824908492332	1.56390101248994	2.20383269850309	0.0675640347178763
Plepar	Perissodini	OMG9_QFH7	1	1	M	7.24769210715325	6.7246802820968	3.46096792633856	2.59187230586581	1.92858938756428	0.491800363259204	1.85200682986062	1.77721517236322	2.27685930376676	0	2.20383269850309	0.0675640347178763
Plepar	Perissodini	OMH2_QHB1	1	1	F	7.66360648972538	6.46331903004966	3.17809377431573	3.07440884243642	1.66464075449137	1.52833626794955	2.33237424945179	2.24922960336328	2.44918259268424	1.05846958979847	2.20383269850309	0.0675640347178763
Plepar	Perissodini	OMI5_QHF5	1	1	F	8.5449088097395	7.70857766013514	3.39544426786403	2.36477579594254	2.30566502823638	1.15661083669905	2.77554407163583	1.36422166068748	2.36660282174272	2.21174176962463	2.20383269850309	0.0675640347178763
Plepar	Perissodini	OMG8_QFG6	1	1	M	7.76058689740758	6.59824832108851	3.32342382682595	2.7937354817252	2.39249410775176	1.46339018413105	2.79795986379119	1.78698730018293	2.36750861838548	2.21262287476083	2.20383269850309	0.0675640347178763
Plepar	Perissodini	OMH1_QFI8	1	1	F	7.87062795658472	6.90761897270443	3.18972083921237	2.89759805342511	2.71599196231926	1.05301329939332	2.63973782838816	1.80660246344966	2.1350573946285	1.16032582509718	2.20383269850309	0.0675640347178763
Plestr	Perissodini	MPE7_ODD3	1	1	F	7.21506990404255	5.91160746215099	3.25667344693444	2.34214139054611	2.04403278830087	2.20687886159775	2.60179348514575	1.66063066697764	2.14555877438319	0	2.32783267280646	-0.232256229395498
Plestr	Perissodini	MPD6_OCD3	1	1	F	8.12572651554887	6.63913707076532	2.83747686326599	2.50555815711059	2.83904612882458	0.919002187154006	2.41582842033104	1.1263702863547	1.26652510816219	2.02530383740024	2.32783267280646	-0.232256229395498
Plestr	Perissodini	MPG5_QKC2	1	1	F	7.74472891040827	6.73592963777645	3.26610497799673	2.27821585745706	3.03985324592196	2.3734575096618	3.05800887259304	1.33038629890637	2.67797406903789	2.30202536351708	2.32783267280646	-0.232256229395498
Plestr	Perissodini	MOA7_NQI8	1	1	M	0	2.19505461958254	3.787211989492	2.55408609229844	2.72457758950145	1.05826592244128	2.5989034950467	1.65826587561469	1.43734280896514	1.8022134869233	2.32783267280646	-0.232256229395498
Plestr	Perissodini	MPB7_OAD3	1	1	F	7.4594316186373	6.77332913532433	3.40850427189342	3.47271780449414	2.51576668948896	1.35669316954918	2.41444406891079	1.55756742639792	1.91508410627643	2.94976089085501	2.32783267280646	-0.232256229395498
Plestr	Perissodini	MOA8_NRB1	1	1	M	8.40480181529934	6.28294254777553	3.61292922555126	2.78653488922725	2.51718144245493	1.49738396872369	2.59908065799566	1.60557777354511	2.54982759975762	2.30108656691575	2.32783267280646	-0.232256229395498
Simdia	Tropheini	IPH6_JHF8	1	0	M	7.61469217835349	5.50246395445277	3.15882430690129	2.22915658780927	2.84325487789168	1.31598408186426	2.86104580256277	0.918637577353521	3.13064048999363	1.6107647788301	0.362498275379859	0.66298181879661
Simdia	Tropheini	IQC9_JJI9	1	0	M	5.88683007518667	2.37876823368335	3.22504243236976	2.74837900563092	3.35992030206977	1.2700277243634	3.04552702067648	1.56977347867977	3.17313639031785	1.97076348308255	0.362498275379859	0.66298181879661
Simdia	Tropheini	LPA6_MXI8	1	0	M	7.25186013660431	3.95863762169791	2.95372489094261	1.97613337276194	1.70132814467899	1.97568410751343	2.26527155276281	1.55962298358482	3.12347401190723	2.12775443461109	0.362498275379859	0.66298181879661
Simdia	Tropheini	LPA7_NAB1	1	0	F	3.89415712445918	4.33788945585985	4.08227935714561	3.35366303266002	3.04772787399875	1.9557104384299	2.99743423104819	1.34720754915829	3.01390348728184	2.7497013746358	0.362498275379859	0.66298181879661
Simdia	Tropheini	LPD9_NCG6	1	0	F	6.13377783453332	3.44811808993021	3.44008512489416	2.69232385778533	2.56875473100987	1.09910934226972	2.54529800248394	1.2763084628046	2.33794310335642	1.56984491716177	0.362498275379859	0.66298181879661
Simdia	Tropheini	LPB7_NBC2	1	0	F	7.15145397586654	5.44326450123694	3.99547909180131	2.11739151291433	3.49190567359087	1.57429143226461	2.58653346134272	0.728324134927208	2.85654036693776	2.14047765399067	0.362498275379859	0.66298181879661
Spaery	Eretmodini	JUH1_KKB1	1	1	M	5.80898167372289	4.52167329889062	3.88491436102516	3.178447267723	2.5132398312697	2.02384153878254	3.34422061946552	0.421590858502618	3.41672937422236	0	-0.604937979309757	1.50913505471812
Spaery	Eretmodini	JUG8_KJH7	1	1	M	3.23350862810485	0	4.04708376699782	3.6292003925217	2.19981554729384	1.62320481159535	3.11091258572416	1.61938061122427	2.72873989035214	0	-0.604937979309757	1.50913505471812
Spaery	Eretmodini	JUG9_KJI8	1	1	F	9.71946805575362	6.5719748128071	4.3010637332048	3.83803504683623	3.36175151852272	1.28243802573083	2.68683844242105	2.07398676757263	3.68577647678768	1.79453689169006	-0.604937979309757	1.50913505471812
Spaery	Eretmodini	JUH2_KKC2	1	1	M	8.43391796333201	6.24413565003829	4.25037043241312	3.98247342644168	2.70999791232439	2.53933552267123	3.32149493281521	1.69481869591612	3.9478727755732	2.4395010684255	-0.604937979309757	1.50913505471812
Spaery	Eretmodini	JUH4_KKE4	1	1	F	7.80632727998972	6.48319778457607	4.36022309061716	3.80845610240952	2.97213163980962	2.21201331945485	3.30378220913337	1.21162964698838	3.66993723610895	0	-0.604937979309757	1.50913505471812
Spaery	Eretmodini	JUH3_KKD3	1	1	F	5.14439557705456	4.14413857512014	4.39849061034455	3.88802135555879	3.25462321710351	1.98826549456854	2.73610368714042	1.25062874540621	3.61351397272331	1.60690220631787	-0.604937979309757	1.50913505471812
Tanirs	Eretmodini	JYI7_KQH5	1	1	F	8.11573920230974	6.7104868706252	3.23069566555907	3.74062539358993	3.25893674828265	2.39330745879524	2.76502058856544	1.46748243485318	3.35474115022356	0	-0.981623085822715	1.4050910914817
Tanirs	Eretmodini	OMF1_QFD3	1	1	F	8.29319756822523	6.2012970623379	4.51109162944768	3.39454706729438	2.72637828789156	1.20215000275185	2.7439274461857	1.96915270089207	3.55797245147885	2.94977134755105	-0.981623085822715	1.4050910914817
Tanirs	Eretmodini	JYH3_KQE2	1	1	M	7.73454027988397	7.02408138254212	3.88698415863639	3.62913509838032	3.06790214297997	2.1692689069336	2.13929201233091	1.55370061484958	3.35055495373164	2.66883462021482	-0.981623085822715	1.4050910914817
Tanirs	Eretmodini	JYI2_KQG4	1	1	M	7.35138186413704	6.31189577791659	3.75216840004618	3.96316428119333	3.20113181003864	2.44057274324861	2.58231127805825	1.17654426677805	2.80539007672621	2.09467793311266	-0.981623085822715	1.4050910914817
Tanirs	Eretmodini	OMF2_QFE4	1	1	M	6.65019701808026	5.4264747689725	3.75754068853604	3.55133390049112	3.05578653137333	2.45926137057764	3.33934949681815	1.50863806898473	3.28855213909354	0	-0.981623085822715	1.4050910914817
Tanirs	Eretmodini	JYH7_KQF3	1	1	F	7.48350060666142	6.76362403232193	3.34003408615154	4.07099976787828	2.28094117435922	2.5330738950659	3.04820566409787	1.6895939322903	3.09696481003771	2.70082763997232	-0.981623085822715	1.4050910914817
TeldhS	Lamprologini	IZE3_BLE6	1	0	M	10.0237987005922	7.92684746445057	3.64429931763033	1.60973085402636	2.25685185265213	1.49732775812706	3.15070962458472	0.787782731084798	1.44696919505565	1.1743917166445	0.920622343288475	-0.250708937549432
TeldhS	Lamprologini	LOE6_NMC2	1	0	F	1.46000595923336	2.07883694565512	1.83348235930832	3.5523955166176	4.4071324547771	1.66321116105545	1.18010966043094	0.281990527565825	1.8339461864463	0	0.920622343288475	-0.250708937549432
TeldhS	Lamprologini	IZF8_BLF7	1	0	M	9.66069174915301	7.22038413232412	2.91516080349448	2.80230800746423	2.75113611035691	2.11048585720495	2.84855604289311	1.99089170708089	2.51428615617041	1.1002389602055	0.920622343288475	-0.250708937549432
TeldhS	Lamprologini	LOE8_NME4	1	0	M	0	0	2.84605617883852	2.36649959362575	4.50420976965736	0.798003302292444	2.35027431933354	0.795599066817781	0	0	0.920622343288475	-0.250708937549432
TeldhS	Lamprologini	LOE7_NMD3	1	0	F	7.39390008391485	5.62729661367199	3.55737332689471	2.91483103391478	3.10948660164567	1.7332927264573	3.31657935472981	1.51227594489771	3.02758474281927	0.84913578524889	0.920622343288475	-0.250708937549432
TeldhS	Lamprologini	LOE5_NMB1	1	0	F	8.47576909265024	6.97670158458247	2.59133617360397	2.01359303440807	2.03863704925995	1.76523217299965	3.09306894073656	0	3.25087064450974	1.02421186314805	0.920622343288475	-0.250708937549432
TelteS	Lamprologini	IPA7_JFD4	1	0	M	8.68520502184121	6.77616717041404	3.72727245732325	2.43667836601525	2.95884434524296	1.56605135833401	2.97685575460859	0.406581403397868	2.68157902332025	1.08855955144164	-0.32361409401219	0.585465517972583
TelteS	Lamprologini	MUI7_LWD3	1	0	M	6.97794043500433	5.99243875722446	3.64642075203281	1.27619767370637	3.28252416980358	2.05612428984085	2.62439455205107	0.704216318596639	3.42228642785898	1.66798656134267	-0.32361409401219	0.585465517972583
TelteS	Lamprologini	LPB2_NAF5	1	0	F	8.77763801019112	6.76492200126828	3.78189996722605	2.63690414281381	3.47516791336755	0.982893939760811	2.1905437508154	0	1.72744085568808	2.12628602544108	-0.32361409401219	0.585465517972583
TelteS	Lamprologini	MUF1_LSC2	1	0	M	8.09029559059869	6.84102081712118	4.03220225154037	3.98049515100294	3.06844931676064	1.65010232958607	2.8212144712766	1.33431426575733	2.76247745110295	2.05638653155589	-0.32361409401219	0.585465517972583
TelteS	Lamprologini	LND7_MDH7	1	0	F	5.68327312681115	4.07558397171436	4.33854279221885	2.75670607483617	2.28302743897665	2.1755638814605	2.06196451315134	2.17115461526295	3.09928426203518	2.92867844408865	-0.32361409401219	0.585465517972583
TelteS	Lamprologini	MUI6_LWC2	1	0	F	2.50508579303236	1.95263773046756	4.28881920599729	2.29532806577024	3.52344026273425	2.06471112479442	2.68026201126504	0.365440589406185	3.8779218769745	2.31920980648592	-0.32361409401219	0.585465517972583
Telvit	Lamprologini	ISG9_JOF2	0	0	M	8.18008618239864	7.31526642261604	3.31339185558761	1.86639765441981	2.63742152204471	1.59231015895139	2.29984687631955	1.588526360963	3.85966050812794	2.49350618272249	-0.363074013502553	0.581068154599324
Telvit	Lamprologini	IPA5_JFC2	0	0	M	3.43398162194957	4.43569992702487	4.35678822973818	3.37402369466467	2.92413600008434	1.45103171185517	2.44805543210197	0.428086419115076	1.79197572728173	1.13455479137145	-0.363074013502553	0.581068154599324
Telvit	Lamprologini	LPI1_NHD3	0	0	F	7.46066557868964	6.41647615180934	3.98921259384058	2.76192115318826	3.30398249223284	2.54031151369529	2.80795289825834	0.713492503674391	2.26335116284385	1.68440538996743	-0.363074013502553	0.581068154599324
Telvit	Lamprologini	LPI4_NHG6	0	0	F	6.59456482157774	5.85990372127406	3.66332753921319	2.11453260885235	2.96643563560067	2.72019352105196	2.02609889851269	0.987347136202545	3.25726985747385	1.09317950865032	-0.363074013502553	0.581068154599324
Telvit	Lamprologini	MUC3_LYB1	0	0	M	9.02151998061677	8.68417738943257	3.89494772124302	2.16261577752395	3.12257614943733	1.76681902179806	2.20460745080247	0.424324790925977	3.19004019602795	3.21469679515444	-0.363074013502553	0.581068154599324
Tremar	Trematocarini	LOG7_NOD3	NA	0	F	7.0562345169509	6.59822434748271	2.45541954983266	2.4540932254446	1.98069255236269	1.71125083927262	3.88596866014436	1.70731804574999	3.0709223395847	0.985540140303691	-0.315022659351184	0.780771200141524
Tremar	Trematocarini	LOG8_NOE4	NA	0	F	7.55179668525581	7.24655250154493	3.2022429575987	3.0187648368004	2.68987433449258	1.95211062107335	3.55177930851712	2.68493002046807	2.52474548401276	2.30933424649687	-0.315022659351184	0.780771200141524
Tremar	Trematocarini	LOG3_NNH7	NA	0	M	8.82852971974027	7.95617110136939	3.17626707459968	2.17949226008128	2.90723295460656	1.93461991146815	4.46395000768905	0.700284076243907	3.30880338487621	0	-0.315022659351184	0.780771200141524
Tremar	Trematocarini	LOG4_NNI8	NA	0	M	8.44199963143842	7.86550563798548	3.23150905726629	2.53364407707726	2.22538723110061	1.64530692674504	3.60740133698799	1.27094868314625	2.94804010574598	1.78465850425363	-0.315022659351184	0.780771200141524
Tremar	Trematocarini	LOG5_NOB1	NA	0	M	8.43498260341164	7.84114539430693	3.31895871589654	2.01703108052784	3.31180127263237	1.1575605293746	4.33085450932872	1.15443803793251	2.50123097440599	0.886400778223223	-0.315022659351184	0.780771200141524
Tremar	Trematocarini	LOG9_NOF5	NA	0	F	6.19125962291648	5.01028259606571	2.70439991353734	2.70302670198417	3.14659722643768	1.03520370759617	4.44901588655624	1.25925440615094	2.76476015067726	0	-0.315022659351184	0.780771200141524
Trenig	Trematocarini	IUE5_JTC6	NA	0	M	6.00725920108491	6.53439237930355	3.44701523191962	2.46551664627682	2.55088884730186	2.20698322988646	3.16702612111297	2.07127802905915	1.94640411165735	1.91488478920295	0.947206522831044	-0.241927374274939
Trenig	Trematocarini	ITH1_JQI4	NA	0	M	8.00200654242343	7.68487693218451	3.09834089195283	2.75634527666274	2.59676081614055	1.6745334172382	4.06979065700168	1.06473457463751	2.41262112666372	2.25652490960868	0.947206522831044	-0.241927374274939
Trenig	Trematocarini	ITH2_JRA5	NA	0	M	8.37829702374654	7.53330403224624	2.82863462791589	1.83480140670406	3.32290490148033	1.20379127175769	3.72051488146745	1.55949230266892	1.72863193606183	1.08630890276757	0.947206522831044	-0.241927374274939
Trenig	Trematocarini	ITH9_JRE9	NA	0	F	7.13706183571638	6.94308912306122	2.94119178058178	2.811615703804	2.56770825272558	1.94600802172715	3.92275825891673	2.2950159013206	2.38435931735571	0	0.947206522831044	-0.241927374274939
Tromoo	Tropheini	LOF5_NNB1	1	0	F	7.65750710423834	5.53479061187113	3.00792868504826	1.96157925040953	3.153701425874	1.09975302323048	2.5462981255737	1.58145923433494	2.33891126894631	1.98388304981866	-0.826987282721062	1.12117512536048
Tromoo	Tropheini	LOA4_MXE4	1	0	M	7.51351285326743	6.5203463400257	3.46667018492235	2.95784106944443	2.78094688629842	1.36126753943662	2.26874607545953	0.833075720091562	2.0339800605989	2.46139889968048	-0.826987282721062	1.12117512536048
Tromoo	Tropheini	LOA5_MXF5	1	0	F	7.81666881908476	5.80180792972629	3.2342151137173	3.13002066379797	3.18964873700118	2.02226766432134	2.51788061628972	1.56601286557947	2.68631405730405	1.32653964908715	-0.826987282721062	1.12117512536048
Tromoo	Tropheini	LOE9_NMF5	1	0	M	7.62969758043191	6.26478430254358	3.09473112999749	3.20976854057003	2.70199543601455	1.6922035451683	2.79884580026888	1.68829362081124	2.81496891863235	0	-0.826987282721062	1.12117512536048
Tromoo	Tropheini	LOF4_NMI8	1	0	F	6.22883042436783	5.40241146468677	3.36498711250085	2.85739643598024	3.58820491820984	0.63697275087384	2.24143080270792	1.80239714479505	2.78926121234311	2.27106914173807	-0.826987282721062	1.12117512536048
Tromoo	Tropheini	LOF2_NMG6	1	0	M	7.92651186393124	6.77207831223308	3.64164081843611	2.20295081682667	2.59196945851342	1.73509580441184	2.24527050937429	1.29274052878067	2.84847992815128	1.58839059611885	-0.826987282721062	1.12117512536048
Tronig	Tropheini	JVD9_KNF5	1	0	F	6.94919756439364	6.27906970697095	3.4052124130487	1.38442010627117	3.44479320439135	2.32397728560341	2.7408259098619	0.891652798976908	2.82739387493366	2.30644861712066	-0.489126194488823	0.550730912583759
Tronig	Tropheini	JVC3_KLI8	1	0	F	7.75510322237655	7.26733072754063	3.63738766964185	2.17154023594503	2.43343007653999	1.27237381394087	2.16122695408492	1.57243132778493	2.66938331210872	1.97374865101444	-0.489126194488823	0.550730912583759
Tronig	Tropheini	JVC9_KNB1	1	0	M	8.28594775037024	7.65530602804299	3.73224423165113	2.72505770461052	3.64212044952127	1.41255501120898	2.50908291468283	0.6339945070804	3.34773141221882	1.95037546650788	-0.489126194488823	0.550730912583759
Tronig	Tropheini	JVD4_KNC2	1	0	M	8.55093797789658	7.4690361244644	3.64176334178048	1.85657980626143	3.25556961830367	1.60315938512189	2.76181395187691	0.903068358091458	3.66865810529098	1.58848030788944	-0.489126194488823	0.550730912583759
Tronig	Tropheini	JVD7_KND3	1	0	M	7.59394979047451	7.31161119002981	3.31008413587977	2.88950196782138	3.43816148581943	1.87980338011718	2.17717058558614	1.00083219497342	3.28154306858992	1.10763029425671	-0.489126194488823	0.550730912583759
Tronig	Tropheini	JVD8_KNE4	1	0	F	7.67645571710762	7.33428043730206	4.27280555680391	2.39115400420016	3.15596889023367	1.38778216288021	2.34835226108061	1.05214875519841	3.11343380260405	1.51488324680479	-0.489126194488823	0.550730912583759
Varmoo	Lamprologini	MUI1_LVF5	1	1	M	8.3688792005129	6.83781964908496	3.99523123356564	2.41509340262856	2.47844845821531	1.86677705183003	3.49336809218078	1.42113441165826	2.9701280760132	2.3639714176365	0.303973345551447	0.27786050237032
Varmoo	Lamprologini	LNA4_MAB1	1	1	F	6.75293052218841	5.62439572188143	3.85752821633021	1.95319519814936	2.43529468217999	1.62671152918604	3.03259441440246	0.299947836872545	2.27634479501114	1.37826578927031	0.303973345551447	0.27786050237032
Varmoo	Lamprologini	LNC6_MCF5	1	1	M	7.2132189500519	5.58780901341997	4.12974460550782	1.70036513997756	1.84397259178686	1.99946754728634	3.10265997881837	1.16638702577703	2.51905798970683	2.62485749680872	0.303973345551447	0.27786050237032
Varmoo	Lamprologini	LNA2_LWH7	1	1	M	2.10619419150494	1.88963746698638	3.30353484815841	1.5067715176908	2.10368260166066	1.24103351290799	1.61874844307947	0.859969627708354	0.718631758851412	1.93376523652264	0.303973345551447	0.27786050237032
Varmoo	Lamprologini	LPE4_NDC2	1	1	F	7.92735901608707	5.76704189340884	3.70730059475004	1.98208310085089	2.91491520500897	1.60363987436108	2.52717370326191	0.903401829740475	2.54273919810251	0	0.303973345551447	0.27786050237032
Varmoo	Lamprologini	MUH9_LVE4	1	1	F	8.25328116626305	7.00908510902815	3.76128527336162	1.71416637336733	2.00038442700577	1.597780004251	3.43423002221228	1.10676103340917	2.35399620367329	0.998624383871632	0.303973345551447	0.27786050237032
Xenbou	Ectodini	IPC4_JFI1	1	1	M	6.33589677235781	5.81194799667162	3.28903855067553	1.80909047034555	1.54689396613096	1.91888116950481	3.16362592858204	1.25410903216849	2.6478016966647	2.53451561126991	-0.173814574169966	0.679512722312482
Xenbou	Ectodini	IPE7_JGD7	1	1	F	4.6276646148081	4.2500300374535	3.212510353673	2.15751913890997	2.13127141106375	1.56422498841543	3.38856469931799	1.41738699768395	2.10746257706952	1.96031820104442	-0.173814574169966	0.679512722312482
Xenbou	Ectodini	LOB9_NJD3	1	1	F	7.31539867176002	6.25289738024565	3.35730890761752	1.35195900303714	2.26691574042903	0.87002904801597	3.37120058370737	0.631930399157896	2.09273346573005	0.964271307130082	-0.173814574169966	0.679512722312482
Xenbou	Ectodini	MUF4_LSF5	1	1	F	6.38361409961753	5.24694348770643	3.00541220478461	2.09865232954136	0.641469730697646	2.46928377282137	2.81937368834845	0.718701892148213	2.02468739898469	1.08222842466226	-0.173814574169966	0.679512722312482
Xenbou	Ectodini	LOB7_NJB1	1	1	M	7.55527857127205	6.26721272854597	2.82963628494079	1.97685520484876	1.93239798770495	1.20445126353693	2.9741632693704	0.722196346449117	2.84318250383278	0	-0.173814574169966	0.679512722312482
Xenbou	Ectodini	LOB8_NJC2	1	1	M	7.06014684662596	5.81106508699796	2.6645240271273	1.83463962529224	2.44157112223776	1.71399004184542	2.90584301111883	1.09482046257531	1.88729247116538	0.987492378165734	-0.173814574169966	0.679512722312482
Xennas	Ectodini	MOB6_NRH7	1	1	M	6.41370255800452	4.72707636718777	2.85950964071884	2.83250281372989	3.05482590758258	2.21007179830655	2.43665331687151	1.32499488802255	3.02765604043908	2.85826731680512	1.81569038790812	-0.476288730495664
Xennas	Ectodini	MOC7_NTB1	1	1	F	4.59371290594467	3.98954414064767	3.79812104019162	2.48691332510446	2.51424171163757	1.06438830586349	2.36274030735628	1.53717726663895	3.32790447056918	2.25152369075401	1.81569038790812	-0.476288730495664
Xennas	Ectodini	MOB5_NRG6	1	1	F	6.67640282384794	5.75169481451761	3.16263414436265	1.84579592004744	2.45421327640507	1.59316777444409	2.85358971985127	1.5893828720437	2.34845396301393	2.31421680417904	1.81569038790812	-0.476288730495664
Xennas	Ectodini	MOC8_NTC2	1	1	M	7.76428842509954	6.44799187921471	3.07045888472549	2.98405737811678	1.74745357089357	1.43614851058473	2.99559830187393	0.748216898779835	3.41847778345146	2.51213786910438	1.81569038790812	-0.476288730495664
Xennas	Ectodini	MOC9_NTD3	1	1	F	6.52070745905795	4.66616519291561	3.3224496791174	2.52201104099656	3.04986631898873	1.26603089525087	2.35149123264094	0.765315779558282	3.75190498895611	1.14457830613594	1.81569038790812	-0.476288730495664
Xennas	Ectodini	MOD3_NTG6	1	1	M	6.55878757802667	5.69747999172853	3.36084575009755	2.69009186580388	2.68175149119902	1.58266968001437	2.41385021385852	1.09468603943132	3.07417281091715	1.56809389847999	1.81569038790812	-0.476288730495664
Xenspi	Ectodini	LNH2_MWC2	1	1	M	6.99297344745299	6.29601131437121	3.24506449361462	1.864140175819	2.8236323913077	0.476146585597566	2.69640407683216	1.55946929768689	2.49266283010551	1.23138939730731	0.00915589328155277	0.937789045775073
Xenspi	Ectodini	LNH4_MWD3	1	1	F	5.7305948540109	4.11784711598659	3.42721581465403	1.74961878888794	2.20993116948302	1.76519439991972	2.17108990800695	0	2.18574541725828	2.36043142281238	0.00915589328155277	0.937789045775073
Xenspi	Ectodini	LNH6_MWE4	1	1	M	6.67552804076329	5.50012419676109	3.52224285537787	2.28177182937829	3.21731929187446	2.53728836275567	2.07303561879731	0.424241577474751	2.55451910949975	2.1856591628119	0.00915589328155277	0.937789045775073
Xenspi	Ectodini	LNH8_MWF5	1	1	M	7.82197482939826	6.27679124163375	3.55073693655148	0.839499060543509	3.0479264054924	2.28030873685169	2.61389817347853	1.45768936529473	2.93388021675681	2.21004404780616	0.00915589328155277	0.937789045775073
Xenspi	Ectodini	LNI3_MWI8	1	1	F	5.52327903463775	3.18946055855496	3.69466962194038	2.53413732199694	2.13585331758735	1.71931269666161	2.48333520724647	0.724665113300012	2.8485720665376	2.13333171586896	0.00915589328155277	0.937789045775073
Xenspi	Ectodini	LPA3_MXG6	1	1	F	4.6198296768183	2.76372238971178	3.11682201455614	3.00162698326567	2.81793263637948	2.29050668114225	2.88090450837684	1.35095544215235	2.89717651954687	2.32918704476779	0.00915589328155277	0.937789045775073
